Time p_x p_y p_z
0.000000 -0.079526 -0.070092 -0.167739
0.002004 -0.079640 -0.001832 -0.167707
0.004008 -0.079747 0.066435 -0.167690
0.006012 -0.079845 0.134684 -0.167667
0.008016 -0.079929 0.202933 -0.167649
0.010020 -0.080015 0.271189 -0.167644
0.012024 -0.080103 0.339446 -0.167651
0.014028 -0.080197 0.407693 -0.167657
0.016032 -0.080286 0.475959 -0.167657
0.018036 -0.080382 0.544227 -0.167642
0.020040 -0.080483 0.612512 -0.167641
0.022044 -0.080566 0.680791 -0.167650
0.024048 -0.080636 0.749059 -0.167676
0.026052 -0.080720 0.817332 -0.167696
0.028056 -0.080787 0.885617 -0.167719
0.030060 -0.080852 0.953902 -0.167746
0.032064 -0.080941 1.022171 -0.167794
0.034068 -0.081019 1.090427 -0.167831
0.036072 -0.081091 1.158687 -0.167862
0.038076 -0.081139 1.226972 -0.167908
0.040080 -0.081171 1.295268 -0.167950
0.042084 -0.081195 1.363577 -0.167996
0.044088 -0.081193 1.431874 -0.168044
0.046092 -0.081190 1.467690 -0.168086
0.048096 -0.081195 1.503511 -0.168130
0.050100 -0.081201 1.539332 -0.168189
0.052104 -0.081203 1.575142 -0.168254
0.054108 -0.081198 1.610943 -0.168292
0.056112 -0.081202 1.646756 -0.168345
0.058116 -0.081209 1.682579 -0.168399
0.060120 -0.081216 1.718396 -0.168451
0.062124 -0.081235 1.754223 -0.168521
0.064128 -0.081241 1.790054 -0.168586
0.066132 -0.081251 1.825881 -0.168655
0.068136 -0.081261 1.861689 -0.168724
0.070140 -0.081262 1.897503 -0.168794
0.072144 -0.081266 1.933316 -0.168874
0.074148 -0.081274 1.969138 -0.168957
0.076152 -0.081288 2.004961 -0.169027
0.078156 -0.081282 2.040791 -0.169083
0.080160 -0.081287 2.076631 -0.169144
0.082164 -0.081311 2.112461 -0.169231
0.084168 -0.081341 2.148292 -0.169315
0.086172 -0.081372 2.184121 -0.169411
0.088176 -0.081402 2.219975 -0.169513
0.090180 -0.081400 2.255812 -0.169624
0.092184 -0.081405 2.291649 -0.169738
0.094188 -0.081434 2.327487 -0.169858
0.096192 -0.081459 2.363304 -0.169961
0.098196 -0.081473 2.399114 -0.170074
0.100200 -0.081468 2.434919 -0.170188
0.102204 -0.081456 2.470725 -0.170304
0.104208 -0.081438 2.506514 -0.170416
0.106212 -0.081432 2.542308 -0.170522
0.108216 -0.081417 2.578094 -0.170641
0.110220 -0.081391 2.613875 -0.170756
0.112224 -0.081378 2.649650 -0.170874
0.114228 -0.081379 2.685428 -0.171000
0.116232 -0.081378 2.721207 -0.171151
0.118236 -0.081376 2.756963 -0.171291
0.120240 -0.081362 2.792714 -0.171442
0.122244 -0.081348 2.828469 -0.171605
0.124248 -0.081334 2.864214 -0.171766
0.126253 -0.081307 2.899959 -0.171925
0.128257 -0.081267 2.935710 -0.172067
0.130261 -0.081225 2.950439 -0.172219
0.132265 -0.081174 2.965176 -0.172381
0.134269 -0.081126 2.979912 -0.172535
0.136273 -0.081070 2.994613 -0.172679
0.138277 -0.081013 3.009318 -0.172816
0.140281 -0.080966 3.024037 -0.172969
0.142285 -0.080921 3.038765 -0.173123
0.144289 -0.080875 3.053475 -0.173261
0.146293 -0.080805 3.068158 -0.173410
0.148297 -0.080738 3.082839 -0.173566
0.150301 -0.080665 3.097506 -0.173714
0.152305 -0.080605 3.112177 -0.173873
0.154309 -0.080564 3.126824 -0.174033
0.156313 -0.080508 3.141464 -0.174175
0.158317 -0.080448 3.156085 -0.174305
0.160321 -0.080389 3.170721 -0.174435
0.162325 -0.080315 3.185360 -0.174555
0.164329 -0.080246 3.200005 -0.174689
0.166333 -0.080182 3.214653 -0.174841
0.168337 -0.080109 3.229305 -0.174974
0.170341 -0.080040 3.243958 -0.175114
0.172345 -0.079953 3.258606 -0.175255
0.174349 -0.079889 3.273248 -0.175408
0.176353 -0.079814 3.287885 -0.175558
0.178357 -0.079732 3.302532 -0.175706
0.180361 -0.079651 3.317187 -0.175855
0.182365 -0.079586 3.331840 -0.176010
0.184369 -0.079530 3.346500 -0.176174
0.186373 -0.079477 3.361164 -0.176338
0.188377 -0.079410 3.375831 -0.176500
0.190381 -0.079336 3.390491 -0.176675
0.192385 -0.079274 3.405162 -0.176841
0.194389 -0.079213 3.419827 -0.177015
0.196393 -0.079139 3.434485 -0.177189
0.198397 -0.079056 3.449131 -0.177364
0.200401 -0.078980 3.463777 -0.177546
0.202405 -0.078907 3.478401 -0.177727
0.204409 -0.078840 3.493022 -0.177895
0.206413 -0.078774 3.507635 -0.178077
0.208417 -0.078700 3.522249 -0.178261
0.210421 -0.078632 3.536851 -0.178462
0.212425 -0.078562 3.551453 -0.178655
0.214429 -0.078491 3.566036 -0.178835
0.216433 -0.078413 3.580629 -0.179012
0.218437 -0.078317 3.595234 -0.179193
0.220441 -0.078231 3.609830 -0.179355
0.222445 -0.078172 3.624439 -0.179527
0.224449 -0.078111 3.639038 -0.179701
0.226453 -0.078056 3.653609 -0.179865
0.228457 -0.077976 3.668167 -0.180056
0.230461 -0.077902 3.682731 -0.180249
0.232465 -0.077817 3.697295 -0.180435
0.234469 -0.077753 3.711843 -0.180616
0.236473 -0.077682 3.726399 -0.180813
0.238477 -0.077621 3.740955 -0.181013
0.240481 -0.077557 3.755492 -0.181206
0.242485 -0.077494 3.770038 -0.181390
0.244489 -0.077443 3.784585 -0.181571
0.246493 -0.077385 3.799133 -0.181749
0.248497 -0.077320 3.813686 -0.181927
0.250501 -0.077260 3.828216 -0.182110
0.252505 -0.077182 3.842741 -0.182299
0.254509 -0.077103 3.857270 -0.182469
0.256513 -0.077018 3.871778 -0.182640
0.258517 -0.076926 3.886269 -0.182810
0.260521 -0.076824 3.900764 -0.182997
0.262525 -0.076700 3.915248 -0.183180
0.264529 -0.076574 3.929737 -0.183355
0.266533 -0.076440 3.944241 -0.183530
0.268537 -0.076310 3.958742 -0.183713
0.270541 -0.076174 3.973237 -0.183870
0.272545 -0.076043 3.987729 -0.184018
0.274549 -0.075925 4.002220 -0.184173
0.276553 -0.075804 4.016722 -0.184338
0.278557 -0.075682 4.031223 -0.184511
0.280561 -0.075574 4.045731 -0.184671
0.282565 -0.075459 4.060250 -0.184831
0.284569 -0.075331 4.074761 -0.184995
0.286573 -0.075199 4.089276 -0.185166
0.288577 -0.075044 4.103794 -0.185331
0.290581 -0.074899 4.118314 -0.185502
0.292585 -0.074750 4.132855 -0.185661
0.294589 -0.074599 4.147398 -0.185827
0.296593 -0.074428 4.161954 -0.185995
0.298597 -0.074251 4.176494 -0.186175
0.300601 -0.074074 4.191019 -0.186360
0.302605 -0.073912 4.205539 -0.186546
0.304609 -0.073754 4.220059 -0.186744
0.306613 -0.073599 4.234569 -0.186953
0.308617 -0.073451 4.249089 -0.187160
0.310621 -0.073302 4.263597 -0.187341
0.312625 -0.073165 4.278121 -0.187501
0.314629 -0.073033 4.292647 -0.187676
0.316633 -0.072913 4.307178 -0.187861
0.318637 -0.072812 4.321730 -0.188037
0.320641 -0.072732 4.336266 -0.188200
0.322645 -0.072648 4.350812 -0.188372
0.324649 -0.072556 4.365381 -0.188571
0.326653 -0.072454 4.379954 -0.188785
0.328657 -0.072335 4.394532 -0.189002
0.330661 -0.072209 4.409111 -0.189198
0.332665 -0.072069 4.423687 -0.189375
0.334669 -0.071915 4.434607 -0.189579
0.336673 -0.071784 4.445524 -0.189811
0.338677 -0.071659 4.456440 -0.190042
0.340681 -0.071541 4.467363 -0.190278
0.342685 -0.071419 4.478295 -0.190517
0.344689 -0.071311 4.489210 -0.190758
0.346693 -0.071219 4.500131 -0.190986
0.348697 -0.071119 4.511058 -0.191220
0.350701 -0.071022 4.521979 -0.191450
0.352705 -0.070929 4.532904 -0.191674
0.354709 -0.070835 4.543819 -0.191887
0.356713 -0.070747 4.554728 -0.192104
0.358717 -0.070680 4.565633 -0.192324
0.360721 -0.070617 4.576540 -0.192568
0.362725 -0.070531 4.587462 -0.192801
0.364729 -0.070441 4.598376 -0.193040
0.366733 -0.070337 4.609288 -0.193269
0.368737 -0.070236 4.620217 -0.193499
0.370741 -0.070141 4.631149 -0.193702
0.372745 -0.070052 4.642077 -0.193918
0.374749 -0.069953 4.653027 -0.194138
0.376754 -0.069865 4.663981 -0.194358
0.378758 -0.069780 4.674938 -0.194585
0.380762 -0.069685 4.685890 -0.194813
0.382766 -0.069581 4.696838 -0.195045
0.384770 -0.069470 4.707791 -0.195294
0.386774 -0.069367 4.718744 -0.195571
0.388778 -0.069261 4.729704 -0.195850
0.390782 -0.069177 4.740658 -0.196143
0.392786 -0.069093 4.751596 -0.196419
0.394790 -0.069002 4.762532 -0.196694
0.396794 -0.068883 4.773479 -0.196969
0.398798 -0.068759 4.784422 -0.197239
0.400802 -0.068628 4.795363 -0.197516
0.402806 -0.068498 4.806304 -0.197788
0.404810 -0.068388 4.817236 -0.198066
0.406814 -0.068276 4.828137 -0.198371
0.408818 -0.068166 4.839029 -0.198680
0.410822 -0.068054 4.849918 -0.198985
0.412826 -0.067921 4.860820 -0.199287
0.414830 -0.067782 4.871731 -0.199582
0.416834 -0.067636 4.882617 -0.199869
0.418838 -0.067481 4.893513 -0.200151
0.420842 -0.067327 4.904416 -0.200429
0.422846 -0.067167 4.915321 -0.200699
0.424850 -0.067003 4.926202 -0.200985
0.426854 -0.066845 4.937083 -0.201271
0.428858 -0.066695 4.947980 -0.201551
0.430862 -0.066532 4.958878 -0.201821
0.432866 -0.066366 4.969773 -0.202088
0.434870 -0.066186 4.980679 -0.202362
0.436874 -0.066008 4.991566 -0.202648
0.438878 -0.065831 5.002479 -0.202940
0.440882 -0.065662 5.013394 -0.203233
0.442886 -0.065475 5.024290 -0.203530
0.444890 -0.065291 5.035193 -0.203832
0.446894 -0.065106 5.046087 -0.204143
0.448898 -0.064900 5.056971 -0.204433
0.450902 -0.064677 5.067883 -0.204726
0.452906 -0.064458 5.078807 -0.205006
0.454910 -0.064212 5.089755 -0.205279
0.456914 -0.063951 5.100710 -0.205562
0.458918 -0.063680 5.111679 -0.205848
0.460922 -0.063425 5.122646 -0.206136
0.462926 -0.063181 5.133611 -0.206432
0.464930 -0.062953 5.144567 -0.206745
0.466934 -0.062735 5.155533 -0.207074
0.468938 -0.062540 5.166513 -0.207394
0.470942 -0.062364 5.177491 -0.207705
0.472946 -0.062187 5.188467 -0.208018
0.474950 -0.062004 5.199430 -0.208342
0.476954 -0.061825 5.210395 -0.208656
0.478958 -0.061612 5.221372 -0.208965
0.480962 -0.061386 5.232344 -0.209290
0.482966 -0.061168 5.243329 -0.209617
0.484970 -0.060941 5.254321 -0.209951
0.486974 -0.060731 5.265331 -0.210275
0.488978 -0.060500 5.276355 -0.210593
0.490982 -0.060268 5.287375 -0.210934
0.492986 -0.060037 5.298390 -0.211291
0.494990 -0.059819 5.309405 -0.211635
0.496994 -0.059591 5.320424 -0.211978
0.498998 -0.059365 5.331462 -0.212313
0.501002 -0.059163 5.342497 -0.212657
0.503006 -0.058958 5.353547 -0.213011
0.505010 -0.058757 5.364596 -0.213369
0.507014 -0.058551 5.375654 -0.213716
0.509018 -0.058345 5.386718 -0.214072
0.511022 -0.058147 5.397780 -0.214429
0.513026 -0.057942 5.408871 -0.214786
0.515030 -0.057740 5.419954 -0.215126
0.517034 -0.057552 5.431057 -0.215457
0.519038 -0.057354 5.442168 -0.215808
0.521042 -0.057154 5.453297 -0.216171
0.523046 -0.056951 5.464413 -0.216550
0.525050 -0.056773 5.475536 -0.216919
0.527054 -0.056593 5.486644 -0.217285
0.529058 -0.056401 5.497775 -0.217647
0.531062 -0.056201 5.508916 -0.218013
0.533066 -0.056011 5.520051 -0.218389
0.535070 -0.055835 5.531180 -0.218763
0.537074 -0.055662 5.542289 -0.219144
0.539078 -0.055493 5.553394 -0.219514
0.541082 -0.055301 5.564513 -0.219867
0.543086 -0.055097 5.575633 -0.220217
0.545090 -0.054888 5.586774 -0.220567
0.547094 -0.054677 5.597934 -0.220916
0.549098 -0.054474 5.609103 -0.221280
0.551102 -0.054261 5.620278 -0.221630
0.553106 -0.054037 5.631437 -0.221978
0.555110 -0.053806 5.642605 -0.222322
0.557114 -0.053572 5.653774 -0.222674
0.559118 -0.053335 5.664938 -0.223039
0.561122 -0.053098 5.676095 -0.223399
0.563126 -0.052851 5.687270 -0.223768
0.565130 -0.052612 5.698450 -0.224123
0.567134 -0.052382 5.709627 -0.224489
0.569138 -0.052154 5.720801 -0.224867
0.571142 -0.051930 5.731970 -0.225232
0.573146 -0.051700 5.743136 -0.225622
0.575150 -0.051467 5.754306 -0.226018
0.577154 -0.051226 5.765484 -0.226425
0.579158 -0.050974 5.776660 -0.226849
0.581162 -0.050721 5.787824 -0.227278
0.583166 -0.050475 5.798997 -0.227718
0.585170 -0.050228 5.810163 -0.228160
0.587174 -0.049971 5.821323 -0.228590
0.589178 -0.049723 5.832489 -0.229015
0.591182 -0.049477 5.843632 -0.229435
0.593186 -0.049231 5.854780 -0.229850
0.595190 -0.048979 5.865903 -0.230247
0.597194 -0.048724 5.877052 -0.230639
0.599198 -0.048488 5.888177 -0.231032
0.601202 -0.048233 5.899331 -0.231425
0.603206 -0.047976 5.910473 -0.231828
0.605210 -0.047713 5.921615 -0.232216
0.607214 -0.047446 6.671729 -0.232580
0.609218 -0.047168 7.421867 -0.232950
0.611222 -0.046886 7.459504 -0.233310
0.613226 -0.046606 7.497141 -0.233660
0.615230 -0.046323 7.534768 -0.234020
0.617234 -0.046038 7.572392 -0.234371
0.619238 -0.045759 7.610017 -0.234728
0.621242 -0.045477 7.647625 -0.235068
0.623246 -0.045208 7.685227 -0.235405
0.625251 -0.044958 7.722823 -0.235741
0.627255 -0.044700 7.760418 -0.236068
0.629259 -0.044442 7.798015 -0.236384
0.631263 -0.044189 7.835600 -0.236717
0.633267 -0.043932 7.873164 -0.237035
0.635271 -0.043679 7.910732 -0.237345
0.637275 -0.043443 7.948293 -0.237645
0.639279 -0.043233 7.985866 -0.237954
0.641283 -0.043001 8.023432 -0.238239
0.643287 -0.042773 8.061000 -0.238525
0.645291 -0.042561 8.098574 -0.238822
0.647295 -0.042357 8.136146 -0.239110
0.649299 -0.042159 8.173708 -0.239395
0.651303 -0.041965 8.211288 -0.239693
0.653307 -0.041780 8.248864 -0.239991
0.655311 -0.041608 8.286427 -0.240294
0.657315 -0.041434 8.324007 -0.240608
0.659319 -0.041268 8.361590 -0.240917
0.661323 -0.041098 8.399174 -0.241239
0.663327 -0.040940 8.436751 -0.241556
0.665331 -0.040786 8.474328 -0.241868
0.667335 -0.040652 8.511893 -0.242159
0.669339 -0.040532 8.549455 -0.242474
0.671343 -0.040438 8.587013 -0.242788
0.673347 -0.040356 8.624571 -0.243102
0.675351 -0.040273 8.662109 -0.243416
0.677355 -0.040187 8.699657 -0.243712
0.679359 -0.040097 8.737227 -0.244009
0.681363 -0.039990 8.774806 -0.244305
0.683367 -0.039881 8.812376 -0.244620
0.685371 -0.039757 8.849931 -0.244959
0.687375 -0.039638 8.887483 -0.245300
0.689379 -0.039511 8.925064 -0.245652
0.691383 -0.039398 8.958490 -0.245999
0.693387 -0.039294 8.991920 -0.246356
0.695391 -0.039206 9.025353 -0.246708
0.697395 -0.039107 9.058780 -0.247046
0.699399 -0.038995 9.092197 -0.247372
0.701403 -0.038885 9.125616 -0.247711
0.703407 -0.038764 9.159038 -0.248050
0.705411 -0.038615 9.192447 -0.248389
0.707415 -0.038474 9.225861 -0.248733
0.709419 -0.038324 9.259268 -0.249064
0.711423 -0.038182 9.292687 -0.249408
0.713427 -0.038031 9.326104 -0.249751
0.715431 -0.037897 9.359523 -0.250109
0.717435 -0.037732 9.392951 -0.250462
0.719439 -0.037550 9.426388 -0.250804
0.721443 -0.037373 9.459832 -0.251139
0.723447 -0.037197 9.493272 -0.251484
0.725451 -0.037024 9.526728 -0.251849
0.727455 -0.036847 9.560182 -0.252202
0.729459 -0.036667 9.593638 -0.252536
0.731463 -0.036482 9.627096 -0.252864
0.733467 -0.036286 9.660550 -0.253183
0.735471 -0.036083 9.694008 -0.253499
0.737475 -0.035869 9.727488 -0.253831
0.739479 -0.035673 9.760959 -0.254173
0.741483 -0.035477 9.794443 -0.254505
0.743487 -0.035284 9.827950 -0.254847
0.745491 -0.035088 9.861465 -0.255184
0.747495 -0.034886 9.894995 -0.255516
0.749499 -0.034696 9.928514 -0.255848
0.751503 -0.034503 9.962026 -0.256181
0.753507 -0.034324 9.995539 -0.256529
0.755511 -0.034162 10.029021 -0.256882
0.757515 -0.034005 10.062507 -0.257247
0.759519 -0.033860 10.096008 -0.257619
0.761523 -0.033719 10.129508 -0.257997
0.763527 -0.033584 10.163027 -0.258374
0.765531 -0.033449 10.196528 -0.258770
0.767535 -0.033301 10.230008 -0.259179
0.769539 -0.033163 10.263487 -0.259586
0.771543 -0.033012 10.296963 -0.259987
0.773547 -0.032857 10.330425 -0.260411
0.775551 -0.032718 10.363883 -0.260820
0.777555 -0.032614 10.397329 -0.261229
0.779559 -0.032511 10.430787 -0.261613
0.781563 -0.032394 10.451467 -0.262000
0.783567 -0.032263 10.472150 -0.262380
0.785571 -0.032132 10.492848 -0.262762
0.787575 -0.032006 10.513535 -0.263141
0.789579 -0.031888 10.534223 -0.263523
0.791583 -0.031754 10.554918 -0.263918
0.793587 -0.031625 10.575609 -0.264320
0.795591 -0.031470 10.596292 -0.264718
0.797595 -0.031302 10.616988 -0.265125
0.799599 -0.031129 10.637667 -0.265534
0.801603 -0.030940 10.658344 -0.265938
0.803607 -0.030762 10.679010 -0.266333
0.805611 -0.030571 10.699682 -0.266741
0.807615 -0.030393 10.720349 -0.267149
0.809619 -0.030215 10.741020 -0.267548
0.811623 -0.030055 10.761715 -0.267959
0.813627 -0.029868 10.782408 -0.268371
0.815631 -0.029675 10.803090 -0.268777
0.817635 -0.029471 10.823750 -0.269187
0.819639 -0.029277 10.844407 -0.269590
0.821643 -0.029088 10.865067 -0.269987
0.823647 -0.028887 10.885713 -0.270367
0.825651 -0.028686 10.906353 -0.270762
0.827655 -0.028466 10.926991 -0.271154
0.829659 -0.028256 10.947640 -0.271550
0.831663 -0.028021 10.968294 -0.271937
0.833667 -0.027777 10.988933 -0.272320
0.835671 -0.027508 11.009571 -0.272709
0.837675 -0.027238 11.030221 -0.273107
0.839679 -0.026954 11.050865 -0.273527
0.841683 -0.026689 11.071523 -0.273957
0.843687 -0.026417 11.092184 -0.274390
0.845691 -0.026160 11.112843 -0.274820
0.847695 -0.025914 11.133491 -0.275254
0.849699 -0.025659 11.154134 -0.275688
0.851703 -0.025414 11.174791 -0.276100
0.853707 -0.025158 11.195443 -0.276517
0.855711 -0.024904 11.216094 -0.276924
0.857715 -0.024651 11.236737 -0.277324
0.859719 -0.024396 11.257351 -0.277705
0.861723 -0.024132 11.277971 -0.278106
0.863727 -0.023862 11.298586 -0.278517
0.865731 -0.023582 11.319202 -0.278957
0.867735 -0.023293 11.339821 -0.279394
0.869739 -0.022982 11.360450 -0.279822
0.871743 -0.022678 11.381082 -0.280264
0.873747 -0.022372 11.401714 -0.280709
0.875752 -0.022080 11.422360 -0.281130
0.877756 -0.021777 11.443016 -0.281576
0.879760 -0.021465 11.463663 -0.282013
0.881764 -0.021152 11.484313 -0.282457
0.883768 -0.020829 11.504959 -0.282903
0.885772 -0.020510 11.525625 -0.283339
0.887776 -0.020196 11.546288 -0.283769
0.889780 -0.019875 11.566949 -0.284194
0.891784 -0.019563 11.587604 -0.284605
0.893788 -0.019249 11.608263 -0.285011
0.895792 -0.018926 11.628937 -0.285411
0.897796 -0.018606 11.649601 -0.285803
0.899800 -0.018283 11.670273 -0.286190
0.901804 -0.017966 11.690949 -0.286577
0.903808 -0.017666 11.711614 -0.286954
0.905812 -0.017371 11.732291 -0.287333
0.907816 -0.017091 11.752964 -0.287727
0.909820 -0.016797 11.773619 -0.288107
0.911824 -0.016507 11.794284 -0.288485
0.913828 -0.016218 11.814934 -0.288866
0.915832 -0.015918 11.835562 -0.289255
0.917836 -0.015625 11.856189 -0.289633
0.919840 -0.015329 11.876814 -0.289983
0.921844 -0.015028 11.897429 -0.290319
0.923848 -0.014730 11.918030 -0.290648
0.925852 -0.014415 11.938655 -0.290982
0.927856 -0.014094 11.979280 -0.291306
0.929860 -0.013771 12.019907 -0.291643
0.931864 -0.013431 12.060532 -0.291986
0.933868 -0.013091 12.101158 -0.292336
0.935872 -0.012745 12.141772 -0.292680
0.937876 -0.012402 12.182359 -0.293020
0.939880 -0.012062 12.222949 -0.293348
0.941884 -0.011718 12.263546 -0.293644
0.943888 -0.011378 12.304154 -0.293935
0.945892 -0.011009 12.344781 -0.294215
0.947896 -0.010652 12.385412 -0.294489
0.949900 -0.010294 12.426049 -0.294754
0.951904 -0.009928 12.466677 -0.295022
0.953908 -0.009575 12.507312 -0.295280
0.955912 -0.009214 12.547959 -0.295532
0.957916 -0.008845 12.588615 -0.295780
0.959920 -0.008467 12.629260 -0.296036
0.961924 -0.008097 12.669890 -0.296311
0.963928 -0.007703 12.710528 -0.296590
0.965932 -0.007311 12.751175 -0.296849
0.967936 -0.006931 12.791827 -0.297107
0.969940 -0.006549 12.832475 -0.297362
0.971944 -0.006164 12.873142 -0.297610
0.973948 -0.005806 12.913821 -0.297870
0.975952 -0.005456 12.954513 -0.298136
0.977956 -0.005104 12.995215 -0.298397
0.979960 -0.004751 13.035917 -0.298667
0.981964 -0.004416 13.076623 -0.298920
0.983968 -0.004082 13.117341 -0.299175
0.985972 -0.003745 13.158051 -0.299435
0.987976 -0.003406 13.198764 -0.299695
0.989980 -0.003083 13.239473 -0.299944
0.991984 -0.002766 13.280189 -0.300202
0.993988 -0.002441 13.320917 -0.300458
0.995992 -0.002127 13.361655 -0.300711
0.997996 -0.001817 13.402385 -0.300964
1.000000 -0.001532 13.443121 -0.301232
