Time p_x p_y p_z
0.000000 -0.167056 0.019761 0.048566
0.002004 -0.167166 0.087890 0.048652
0.004008 -0.167282 0.156021 0.048738
0.006012 -0.167385 0.224154 0.048826
0.008016 -0.167497 0.292305 0.048913
0.010020 -0.167622 0.360442 0.048993
0.012024 -0.167756 0.428592 0.049071
0.014028 -0.167896 0.496753 0.049149
0.016032 -0.168011 0.564935 0.049251
0.018036 -0.168125 0.633127 0.049356
0.020040 -0.168256 0.701322 0.049486
0.022044 -0.168385 0.769534 0.049622
0.024048 -0.168502 0.837753 0.049755
0.026052 -0.168611 0.905985 0.049882
0.028056 -0.168699 0.974211 0.050018
0.030060 -0.168785 1.042423 0.050150
0.032064 -0.168861 1.110643 0.050286
0.034068 -0.168933 1.178847 0.050424
0.036072 -0.169011 1.247038 0.050554
0.038076 -0.169083 1.315244 0.050689
0.040080 -0.169146 1.383444 0.050851
0.042084 -0.169208 1.451648 0.051033
0.044088 -0.169279 1.519864 0.051213
0.046092 -0.169371 1.555639 0.051402
0.048096 -0.169468 1.591402 0.051604
0.050100 -0.169568 1.627170 0.051807
0.052104 -0.169646 1.662940 0.052020
0.054108 -0.169740 1.698720 0.052234
0.056112 -0.169830 1.734500 0.052448
0.058116 -0.169908 1.770284 0.052668
0.060120 -0.169976 1.806058 0.052895
0.062124 -0.170035 1.841836 0.053130
0.064128 -0.170097 1.877611 0.053353
0.066132 -0.170158 1.913388 0.053579
0.068136 -0.170215 1.949167 0.053802
0.070140 -0.170268 1.984956 0.054012
0.072144 -0.170318 2.020729 0.054205
0.074148 -0.170374 2.056502 0.054399
0.076152 -0.170422 2.092258 0.054613
0.078156 -0.170468 2.128014 0.054814
0.080160 -0.170509 2.163770 0.055025
0.082164 -0.170540 2.199518 0.055219
0.084168 -0.170582 2.235275 0.055403
0.086172 -0.170616 2.271026 0.055609
0.088176 -0.170668 2.306771 0.055831
0.090180 -0.170719 2.342508 0.056076
0.092184 -0.170767 2.378231 0.056314
0.094188 -0.170825 2.413947 0.056561
0.096192 -0.170874 2.449674 0.056827
0.098196 -0.170927 2.485388 0.057076
0.100200 -0.170971 2.521114 0.057319
0.102204 -0.170997 2.556842 0.057537
0.104208 -0.171036 2.592549 0.057753
0.106212 -0.171080 2.628245 0.057956
0.108216 -0.171143 2.663936 0.058157
0.110220 -0.171190 2.699620 0.058371
0.112224 -0.171239 2.735313 0.058578
0.114228 -0.171305 2.771022 0.058782
0.116232 -0.171367 2.806727 0.058994
0.118236 -0.171434 2.842422 0.059203
0.120240 -0.171511 2.878104 0.059419
0.122244 -0.171592 2.913778 0.059641
0.124248 -0.171678 2.949433 0.059855
0.126253 -0.171765 2.985092 0.060068
0.128257 -0.171837 3.020750 0.060283
0.130261 -0.171898 3.035401 0.060498
0.132265 -0.171960 3.050078 0.060719
0.134269 -0.171991 3.064751 0.060932
0.136273 -0.172019 3.079437 0.061143
0.138277 -0.172047 3.094121 0.061358
0.140281 -0.172071 3.108801 0.061564
0.142285 -0.172097 3.123487 0.061766
0.144289 -0.172116 3.138173 0.061970
0.146293 -0.172136 3.152858 0.062163
0.148297 -0.172147 3.167549 0.062343
0.150301 -0.172141 3.182236 0.062527
0.152305 -0.172122 3.196929 0.062711
0.154309 -0.172097 3.211610 0.062899
0.156313 -0.172066 3.226300 0.063088
0.158317 -0.172029 3.241002 0.063267
0.160321 -0.171978 3.255721 0.063428
0.162325 -0.171925 3.270439 0.063574
0.164329 -0.171881 3.285167 0.063720
0.166333 -0.171824 3.299873 0.063858
0.168337 -0.171759 3.314586 0.064004
0.170341 -0.171700 3.329296 0.064152
0.172345 -0.171615 3.344000 0.064308
0.174349 -0.171523 3.358707 0.064469
0.176353 -0.171428 3.373415 0.064636
0.178357 -0.171339 3.388109 0.064792
0.180361 -0.171248 3.402788 0.064956
0.182365 -0.171158 3.417476 0.065134
0.184369 -0.171037 3.432172 0.065298
0.186373 -0.170921 3.446854 0.065453
0.188377 -0.170813 3.461528 0.065615
0.190381 -0.170707 3.476210 0.065776
0.192385 -0.170620 3.490914 0.065945
0.194389 -0.170532 3.505630 0.066127
0.196393 -0.170424 3.520348 0.066306
0.198397 -0.170329 3.535062 0.066475
0.200401 -0.170220 3.549756 0.066647
0.202405 -0.170101 3.564441 0.066813
0.204409 -0.169989 3.579132 0.066979
0.206413 -0.169914 3.593816 0.067127
0.208417 -0.169842 3.608501 0.067276
0.210421 -0.169756 3.623190 0.067420
0.212425 -0.169671 3.637890 0.067567
0.214429 -0.169601 3.652594 0.067708
0.216433 -0.169534 3.667296 0.067838
0.218437 -0.169444 3.682002 0.067956
0.220441 -0.169357 3.696693 0.068068
0.222445 -0.169276 3.711382 0.068185
0.224449 -0.169188 3.726074 0.068294
0.226453 -0.169104 3.740769 0.068410
0.228457 -0.169015 3.755431 0.068520
0.230461 -0.168935 3.770101 0.068633
0.232465 -0.168864 3.784765 0.068734
0.234469 -0.168783 3.799429 0.068841
0.236473 -0.168699 3.814100 0.068957
0.238477 -0.168611 3.828763 0.069064
0.240481 -0.168522 3.843415 0.069188
0.242485 -0.168433 3.858062 0.069324
0.244489 -0.168357 3.872692 0.069462
0.246493 -0.168286 3.887327 0.069598
0.248497 -0.168238 3.901974 0.069728
0.250501 -0.168193 3.916632 0.069857
0.252505 -0.168150 3.931296 0.069987
0.254509 -0.168086 3.945967 0.070135
0.256513 -0.168036 3.960652 0.070275
0.258517 -0.167984 3.975333 0.070410
0.260521 -0.167943 3.990015 0.070550
0.262525 -0.167888 4.004723 0.070671
0.264529 -0.167824 4.019428 0.070791
0.266533 -0.167754 4.034120 0.070908
0.268537 -0.167685 4.048808 0.071015
0.270541 -0.167620 4.063505 0.071120
0.272545 -0.167566 4.078196 0.071229
0.274549 -0.167499 4.092890 0.071310
0.276553 -0.167420 4.107590 0.071399
0.278557 -0.167375 4.122292 0.071505
0.280561 -0.167308 4.136984 0.071604
0.282565 -0.167247 4.151693 0.071695
0.284569 -0.167194 4.166422 0.071779
0.286573 -0.167131 4.181138 0.071870
0.288577 -0.167067 4.195856 0.071966
0.290581 -0.167017 4.210568 0.072068
0.292585 -0.166941 4.225278 0.072162
0.294589 -0.166861 4.239996 0.072265
0.296593 -0.166783 4.254725 0.072401
0.298597 -0.166713 4.269434 0.072533
0.300601 -0.166627 4.284150 0.072672
0.302605 -0.166542 4.298868 0.072782
0.304609 -0.166477 4.313575 0.072886
0.306613 -0.166421 4.328290 0.072992
0.308617 -0.166364 4.343010 0.073098
0.310621 -0.166299 4.357732 0.073220
0.312625 -0.166250 4.372431 0.073329
0.314629 -0.166215 4.387121 0.073444
0.316633 -0.166194 4.401799 0.073547
0.318637 -0.166186 4.416472 0.073641
0.320641 -0.166176 4.431142 0.073742
0.322645 -0.166156 4.445810 0.073828
0.324649 -0.166135 4.460476 0.073920
0.326653 -0.166130 4.475140 0.074015
0.328657 -0.166117 4.489788 0.074103
0.330661 -0.166105 4.504441 0.074179
0.332665 -0.166096 4.519100 0.074265
0.334669 -0.166080 4.530092 0.074344
0.336673 -0.166072 4.541077 0.074410
0.338677 -0.166065 4.552070 0.074458
0.340681 -0.166042 4.563044 0.074517
0.342685 -0.166017 4.573999 0.074572
0.344689 -0.165993 4.584948 0.074628
0.346693 -0.165998 4.595873 0.074670
0.348697 -0.165989 4.606778 0.074713
0.350701 -0.165955 4.617665 0.074744
0.352705 -0.165915 4.628543 0.074770
0.354709 -0.165870 4.639422 0.074807
0.356713 -0.165818 4.650308 0.074852
0.358717 -0.165765 4.661195 0.074881
0.360721 -0.165718 4.672096 0.074919
0.362725 -0.165678 4.683019 0.074966
0.364729 -0.165625 4.693938 0.075015
0.366733 -0.165577 4.704871 0.075058
0.368737 -0.165538 4.715797 0.075095
0.370741 -0.165490 4.726731 0.075160
0.372745 -0.165428 4.737644 0.075196
0.374749 -0.165363 4.748552 0.075221
0.376754 -0.165301 4.759468 0.075253
0.378758 -0.165254 4.770371 0.075291
0.380762 -0.165216 4.781256 0.075331
0.382766 -0.165163 4.792141 0.075390
0.384770 -0.165128 4.803026 0.075452
0.386774 -0.165103 4.813922 0.075505
0.388778 -0.165067 4.824812 0.075557
0.390782 -0.165052 4.835707 0.075628
0.392786 -0.165035 4.846581 0.075688
0.394790 -0.165012 4.857445 0.075758
0.396794 -0.164992 4.868312 0.075830
0.398798 -0.164968 4.879191 0.075892
0.400802 -0.164926 4.890070 0.075938
0.402806 -0.164892 4.900962 0.075999
0.404810 -0.164874 4.911873 0.076060
0.406814 -0.164873 4.922795 0.076137
0.408818 -0.164889 4.933727 0.076226
0.410822 -0.164909 4.944684 0.076331
0.412826 -0.164929 4.955636 0.076445
0.414830 -0.164936 4.966581 0.076559
0.416834 -0.164940 4.977537 0.076671
0.418838 -0.164929 4.988480 0.076774
0.420842 -0.164912 4.999430 0.076886
0.422846 -0.164883 5.010376 0.077017
0.424850 -0.164848 5.021299 0.077143
0.426854 -0.164831 5.032229 0.077256
0.428858 -0.164823 5.043147 0.077366
0.430862 -0.164814 5.054071 0.077461
0.432866 -0.164800 5.064997 0.077531
0.434870 -0.164769 5.075918 0.077590
0.436874 -0.164744 5.086845 0.077648
0.438878 -0.164732 5.097786 0.077726
0.440882 -0.164704 5.108720 0.077809
0.442886 -0.164685 5.119661 0.077893
0.444890 -0.164670 5.130605 0.077973
0.446894 -0.164664 5.141517 0.078042
0.448898 -0.164665 5.152430 0.078101
0.450902 -0.164683 5.163341 0.078155
0.452906 -0.164728 5.174249 0.078186
0.454910 -0.164778 5.185154 0.078198
0.456914 -0.164841 5.196041 0.078214
0.458918 -0.164916 5.206907 0.078238
0.460922 -0.164994 5.217777 0.078264
0.462926 -0.165069 5.228669 0.078286
0.464930 -0.165164 5.239561 0.078315
0.466934 -0.165252 5.250451 0.078352
0.468938 -0.165352 5.261356 0.078396
0.470942 -0.165447 5.272275 0.078447
0.472946 -0.165546 5.283207 0.078498
0.474950 -0.165628 5.294121 0.078550
0.476954 -0.165689 5.305045 0.078612
0.478958 -0.165739 5.315973 0.078655
0.480962 -0.165791 5.326910 0.078699
0.482966 -0.165846 5.337831 0.078727
0.484970 -0.165905 5.348753 0.078754
0.486974 -0.165966 5.359662 0.078768
0.488978 -0.166017 5.370576 0.078781
0.490982 -0.166075 5.381483 0.078779
0.492986 -0.166142 5.392398 0.078773
0.494990 -0.166203 5.403315 0.078759
0.496994 -0.166255 5.414254 0.078724
0.498998 -0.166303 5.425190 0.078689
0.501002 -0.166372 5.436130 0.078657
0.503006 -0.166448 5.447080 0.078606
0.505010 -0.166535 5.458025 0.078549
0.507014 -0.166631 5.468971 0.078492
0.509018 -0.166721 5.479925 0.078437
0.511022 -0.166790 5.490887 0.078397
0.513026 -0.166849 5.501874 0.078369
0.515030 -0.166912 5.512854 0.078361
0.517034 -0.166973 5.523852 0.078337
0.519038 -0.167026 5.534857 0.078322
0.521042 -0.167068 5.545870 0.078314
0.523046 -0.167106 5.556876 0.078291
0.525050 -0.167141 5.567886 0.078256
0.527054 -0.167188 5.578913 0.078229
0.529058 -0.167226 5.589936 0.078198
0.531062 -0.167263 5.600972 0.078173
0.533066 -0.167301 5.612008 0.078157
0.535070 -0.167332 5.623043 0.078136
0.537074 -0.167367 5.634082 0.078133
0.539078 -0.167411 5.645108 0.078126
0.541082 -0.167464 5.656124 0.078121
0.543086 -0.167513 5.667137 0.078114
0.545090 -0.167558 5.678169 0.078109
0.547094 -0.167609 5.689217 0.078109
0.549098 -0.167672 5.700264 0.078107
0.551102 -0.167744 5.711305 0.078098
0.553106 -0.167810 5.722354 0.078084
0.555110 -0.167881 5.733403 0.078065
0.557114 -0.167950 5.744432 0.078054
0.559118 -0.168025 5.755475 0.078041
0.561122 -0.168113 5.766520 0.078016
0.563126 -0.168199 5.777556 0.077985
0.565130 -0.168286 5.788594 0.077945
0.567134 -0.168390 5.799645 0.077908
0.569138 -0.168509 5.810702 0.077897
0.571142 -0.168622 5.821762 0.077897
0.573146 -0.168744 5.832816 0.077878
0.575150 -0.168847 5.843866 0.077866
0.577154 -0.168951 5.854911 0.077857
0.579158 -0.169055 5.865949 0.077841
0.581162 -0.169186 5.877000 0.077819
0.583166 -0.169309 5.888053 0.077781
0.585170 -0.169450 5.899117 0.077729
0.587174 -0.169586 5.910173 0.077665
0.589178 -0.169709 5.921228 0.077601
0.591182 -0.169825 5.932300 0.077519
0.593186 -0.169952 5.943367 0.077457
0.595190 -0.170069 5.954440 0.077411
0.597194 -0.170164 5.965511 0.077354
0.599198 -0.170280 5.976589 0.077290
0.601202 -0.170418 5.987676 0.077226
0.603206 -0.170559 5.998755 0.077164
0.605210 -0.170701 6.009819 0.077104
0.607214 -0.170836 6.759850 0.077035
0.609218 -0.170968 7.509881 0.076977
0.611222 -0.171106 7.547417 0.076909
0.613226 -0.171252 7.584950 0.076849
0.615230 -0.171397 7.622483 0.076759
0.617234 -0.171515 7.660026 0.076671
0.619238 -0.171644 7.697565 0.076572
0.621242 -0.171767 7.735088 0.076489
0.623246 -0.171894 7.772603 0.076415
0.625251 -0.171998 7.810107 0.076321
0.627255 -0.172099 7.847601 0.076222
0.629259 -0.172213 7.885065 0.076114
0.631263 -0.172309 7.922541 0.076016
0.633267 -0.172388 7.960016 0.075928
0.635271 -0.172472 7.997499 0.075823
0.637275 -0.172550 8.034987 0.075711
0.639279 -0.172626 8.072460 0.075594
0.641283 -0.172696 8.109910 0.075484
0.643287 -0.172765 8.147370 0.075349
0.645291 -0.172832 8.184831 0.075208
0.647295 -0.172910 8.222292 0.075069
0.649299 -0.173001 8.259761 0.074940
0.651303 -0.173090 8.297227 0.074823
0.653307 -0.173179 8.334702 0.074708
0.655311 -0.173259 8.372184 0.074615
0.657315 -0.173343 8.409668 0.074519
0.659319 -0.173394 8.447163 0.074406
0.661323 -0.173459 8.484668 0.074293
0.663327 -0.173521 8.522169 0.074182
0.665331 -0.173591 8.559676 0.074069
0.667335 -0.173673 8.597184 0.073970
0.669339 -0.173761 8.634684 0.073874
0.671343 -0.173844 8.672173 0.073766
0.673347 -0.173916 8.709658 0.073657
0.675351 -0.173989 8.747140 0.073550
0.677355 -0.174050 8.784621 0.073455
0.679359 -0.174123 8.822070 0.073368
0.681363 -0.174193 8.859532 0.073291
0.683367 -0.174273 8.896991 0.073213
0.685371 -0.174354 8.934451 0.073136
0.687375 -0.174441 8.971893 0.073079
0.689379 -0.174528 9.009346 0.072999
0.691383 -0.174616 9.042614 0.072915
0.693387 -0.174713 9.075892 0.072832
0.695391 -0.174813 9.109167 0.072754
0.697395 -0.174907 9.142436 0.072687
0.699399 -0.175007 9.175710 0.072606
0.701403 -0.175102 9.208990 0.072527
0.703407 -0.175218 9.242274 0.072455
0.705411 -0.175341 9.275579 0.072385
0.707415 -0.175468 9.308882 0.072322
0.709419 -0.175600 9.342188 0.072264
0.711423 -0.175744 9.375497 0.072200
0.713427 -0.175888 9.408796 0.072134
0.715431 -0.176023 9.442093 0.072091
0.717435 -0.176146 9.475395 0.072069
0.719439 -0.176282 9.508706 0.072054
0.721443 -0.176391 9.542010 0.072007
0.723447 -0.176491 9.575310 0.071981
0.725451 -0.176587 9.608618 0.071944
0.727455 -0.176674 9.641940 0.071887
0.729459 -0.176759 9.675253 0.071838
0.731463 -0.176860 9.708572 0.071815
0.733467 -0.176974 9.741888 0.071798
0.735471 -0.177080 9.775206 0.071765
0.737475 -0.177209 9.808511 0.071715
0.739479 -0.177340 9.841835 0.071671
0.741483 -0.177474 9.875141 0.071639
0.743487 -0.177615 9.908455 0.071603
0.745491 -0.177749 9.941786 0.071558
0.747495 -0.177883 9.975124 0.071528
0.749499 -0.178012 10.008458 0.071498
0.751503 -0.178138 10.041775 0.071475
0.753507 -0.178247 10.075118 0.071436
0.755511 -0.178349 10.108457 0.071385
0.757515 -0.178465 10.141793 0.071341
0.759519 -0.178590 10.175149 0.071293
0.761523 -0.178727 10.208507 0.071244
0.763527 -0.178860 10.241863 0.071179
0.765531 -0.178981 10.275244 0.071104
0.767535 -0.179110 10.308638 0.071039
0.769539 -0.179237 10.342024 0.070966
0.771543 -0.179363 10.375411 0.070883
0.773547 -0.179491 10.408793 0.070809
0.775551 -0.179624 10.442175 0.070749
0.777555 -0.179769 10.475547 0.070692
0.779559 -0.179925 10.508915 0.070627
0.781563 -0.180106 10.529496 0.070564
0.783567 -0.180288 10.550081 0.070485
0.785571 -0.180467 10.570672 0.070401
0.787575 -0.180653 10.591273 0.070323
0.789579 -0.180816 10.611866 0.070244
0.791583 -0.180985 10.632454 0.070165
0.793587 -0.181159 10.653034 0.070085
0.795591 -0.181329 10.673603 0.069990
0.797595 -0.181504 10.694172 0.069892
0.799599 -0.181685 10.714754 0.069793
0.801603 -0.181870 10.735332 0.069702
0.803607 -0.182053 10.755901 0.069609
0.805611 -0.182241 10.776473 0.069526
0.807615 -0.182452 10.797049 0.069436
0.809619 -0.182680 10.817629 0.069328
0.811623 -0.182895 10.838197 0.069221
0.813627 -0.183113 10.858758 0.069109
0.815631 -0.183337 10.879314 0.068973
0.817635 -0.183590 10.899876 0.068846
0.819639 -0.183844 10.920436 0.068712
0.821643 -0.184102 10.941004 0.068569
0.823647 -0.184383 10.961557 0.068405
0.825651 -0.184665 10.982102 0.068253
0.827655 -0.184945 11.002653 0.068102
0.829659 -0.185214 11.023194 0.067957
0.831663 -0.185480 11.043743 0.067814
0.833667 -0.185741 11.064297 0.067680
0.835671 -0.186000 11.084837 0.067543
0.837675 -0.186248 11.105396 0.067398
0.839679 -0.186515 11.125966 0.067242
0.841683 -0.186782 11.146529 0.067064
0.843687 -0.187044 11.167092 0.066874
0.845691 -0.187322 11.187659 0.066682
0.847695 -0.187582 11.208243 0.066485
0.849699 -0.187842 11.228822 0.066305
0.851703 -0.188118 11.249391 0.066126
0.853707 -0.188400 11.269954 0.065937
0.855711 -0.188690 11.290527 0.065749
0.857715 -0.188959 11.311100 0.065539
0.859719 -0.189228 11.331679 0.065330
0.861723 -0.189499 11.352267 0.065123
0.863727 -0.189782 11.372844 0.064947
0.865731 -0.190056 11.393420 0.064771
0.867735 -0.190310 11.414009 0.064593
0.869739 -0.190552 11.434603 0.064400
0.871743 -0.190815 11.455201 0.064209
0.873747 -0.191074 11.475807 0.064032
0.875752 -0.191334 11.496404 0.063875
0.877756 -0.191603 11.517012 0.063734
0.879760 -0.191885 11.537626 0.063604
0.881764 -0.192155 11.558239 0.063467
0.883768 -0.192441 11.578849 0.063325
0.885772 -0.192754 11.599478 0.063184
0.887776 -0.193069 11.620107 0.063040
0.889780 -0.193376 11.640715 0.062905
0.891784 -0.193687 11.661304 0.062766
0.893788 -0.193998 11.681903 0.062620
0.895792 -0.194303 11.702516 0.062464
0.897796 -0.194589 11.723136 0.062317
0.899800 -0.194857 11.743731 0.062153
0.901804 -0.195113 11.764322 0.061973
0.903808 -0.195356 11.784885 0.061798
0.905812 -0.195603 11.805457 0.061606
0.907816 -0.195871 11.826034 0.061418
0.909820 -0.196144 11.846614 0.061222
0.911824 -0.196422 11.867170 0.061017
0.913828 -0.196710 11.887723 0.060808
0.915832 -0.196995 11.908273 0.060602
0.917836 -0.197296 11.928827 0.060396
0.919840 -0.197585 11.949371 0.060196
0.921844 -0.197891 11.969923 0.060004
0.923848 -0.198206 11.990467 0.059818
0.925852 -0.198525 12.011003 0.059644
0.927856 -0.198866 12.051538 0.059474
0.929860 -0.199233 12.092069 0.059314
0.931864 -0.199611 12.132606 0.059159
0.933868 -0.199989 12.173163 0.058994
0.935872 -0.200370 12.213704 0.058807
0.937876 -0.200730 12.254235 0.058614
0.939880 -0.201099 12.294766 0.058438
0.941884 -0.201454 12.335306 0.058271
0.943888 -0.201815 12.375841 0.058088
0.945892 -0.202162 12.416373 0.057904
0.947896 -0.202507 12.456894 0.057721
0.949900 -0.202851 12.497410 0.057551
0.951904 -0.203196 12.537917 0.057387
0.953908 -0.203544 12.578411 0.057214
0.955912 -0.203889 12.618904 0.057049
0.957916 -0.204246 12.659389 0.056875
0.959920 -0.204604 12.699894 0.056702
0.961924 -0.204961 12.740406 0.056530
0.963928 -0.205323 12.780916 0.056349
0.965932 -0.205693 12.821422 0.056157
0.967936 -0.206068 12.861935 0.055965
0.969940 -0.206446 12.902448 0.055770
0.971944 -0.206824 12.942975 0.055573
0.973948 -0.207188 12.983523 0.055374
0.975952 -0.207545 13.024089 0.055173
0.977956 -0.207907 13.064665 0.054987
0.979960 -0.208268 13.105217 0.054801
0.981964 -0.208604 13.145783 0.054626
0.983968 -0.208947 13.186340 0.054460
0.985972 -0.209282 13.226920 0.054321
0.987976 -0.209604 13.267498 0.054158
0.989980 -0.209930 13.308085 0.053976
0.991984 -0.210241 13.348675 0.053798
0.993988 -0.210571 13.389269 0.053612
0.995992 -0.210909 13.429866 0.053442
0.997996 -0.211242 13.470478 0.053267
1.000000 -0.211565 13.511096 0.053088
