Iteration P0_1 P0_2 P0_3 P0_4 P0_5 P0_6 P0_7 P0_8 P0_9 P0_10 P0_11 P0_12 P0_13 P0_14 P0_15 P0_16 P0_17 P0_18 P0_19 P0_20 P0_21 
1 -0.969592 3.685777 -1.373055 3.587309 1.795926 0.143388 -1.321623 -0.859483 0.372788 4.811933 1.662853 0.639342 2.256706 1.850951 3.435606 2.397451 1.642351 2.077541 1.433012 0.590440 -1.532187 
2 0.624633 0.118175 0.530749 1.009597 0.874189 1.219124 -0.191284 -0.262185 0.462846 0.973269 0.158554 0.170380 0.706930 -0.007644 1.210200 1.399513 1.127222 0.674907 0.749248 0.790390 1.104149 
3 1.490343 0.407693 1.404903 0.901790 0.927794 1.792294 0.741504 0.149279 0.419156 1.352621 0.306658 0.759049 0.517212 0.084418 1.311487 0.783182 0.753845 0.949625 0.374106 0.386288 1.367187 
4 1.719836 0.418961 1.675963 0.794017 0.929661 1.995031 1.012994 0.276913 0.357546 1.429929 0.348387 0.964774 0.440234 0.075492 1.358834 0.606746 0.679737 1.028520 0.220598 0.245481 1.389451 
5 1.880812 0.448120 1.825131 0.713901 0.926718 2.065681 1.130035 0.334445 0.298405 1.456815 0.375098 1.074234 0.402382 0.070302 1.393687 0.518996 0.660829 1.052235 0.133227 0.185213 1.379841 
6 2.002196 0.488911 1.928891 0.653914 0.928511 2.079584 1.193493 0.369322 0.249551 1.470611 0.395163 1.142911 0.380572 0.070996 1.420818 0.460369 0.655560 1.051911 0.079801 0.157120 1.366998 
7 2.093859 0.530954 2.007491 0.607333 0.933677 2.067043 1.233652 0.395663 0.210991 1.480059 0.412114 1.191369 0.366868 0.075041 1.442602 0.416872 0.654853 1.040266 0.044949 0.143128 1.354922 
8 2.164152 0.570337 2.069686 0.570561 0.940405 2.042209 1.261837 0.417921 0.180670 1.487566 0.427253 1.228516 0.357670 0.080742 1.460681 0.383505 0.656244 1.023439 0.020818 0.135760 1.343582 
9 2.219277 0.606019 2.120423 0.541471 0.947627 2.012210 1.283081 0.437593 0.156580 1.493923 0.441053 1.258576 0.351078 0.087123 1.476086 0.357615 0.658735 1.004514 0.003275 0.131695 1.332709 
10 2.263541 0.637992 2.162816 0.518579 0.954814 1.980747 1.299938 0.455245 0.137197 1.499472 0.453721 1.283747 0.346046 0.093636 1.489436 0.337457 0.661778 0.985107 -0.009956 0.129353 1.322224 
11 2.299890 0.666581 2.198921 0.500738 0.961724 1.949754 1.313842 0.471149 0.121438 1.504404 0.465385 1.305287 0.342002 0.099979 1.501116 0.321770 0.665036 0.966085 -0.020199 0.127937 1.312164 
12 2.330348 0.692188 2.230145 0.487016 0.968262 1.920221 1.325660 0.485490 0.108534 1.508849 0.476148 1.323985 0.338632 0.106000 1.511391 0.309605 0.668309 0.947921 -0.028269 0.127033 1.302596 
13 2.356329 0.715200 2.257480 0.476644 0.974400 1.892627 1.335944 0.498427 0.097927 1.512902 0.486103 1.340381 0.335764 0.111631 1.520463 0.300230 0.671479 0.930861 -0.034698 0.126418 1.293582 
14 2.378835 0.735958 2.281642 0.468992 0.980146 1.867167 1.345062 0.510107 0.089196 1.516634 0.495331 1.354864 0.333297 0.116853 1.528494 0.293079 0.674486 0.915020 -0.039853 0.125974 1.285162 
15 2.398593 0.754758 2.303166 0.463540 0.985522 1.843881 1.353268 0.520668 0.082016 1.520100 0.503904 1.367734 0.331172 0.121677 1.535622 0.287702 0.677307 0.900435 -0.043995 0.125638 1.277355 
16 2.416137 0.771851 2.322464 0.459864 0.990559 1.822718 1.360741 0.530238 0.076128 1.523339 0.511885 1.379229 0.329348 0.126126 1.541966 0.283745 0.679938 0.887092 -0.047321 0.125378 1.270164 
17 2.431868 0.787449 2.339856 0.457617 0.995289 1.803582 1.367609 0.538931 0.071323 1.526382 0.519330 1.389542 0.327796 0.130227 1.547626 0.280927 0.682388 0.874950 -0.049982 0.125175 1.263576 
18 2.446092 0.801731 2.355604 0.456517 0.999745 1.786352 1.373967 0.546851 0.067429 1.529252 0.526287 1.398831 0.326492 0.134012 1.552693 0.279021 0.684673 0.863948 -0.052098 0.125023 1.257569 
19 2.459044 0.814851 2.369918 0.456334 1.003956 1.770897 1.379888 0.554088 0.064304 1.531967 0.532799 1.407233 0.325418 0.137509 1.557241 0.277846 0.686811 0.854017 -0.053763 0.124915 1.252115 
20 2.470911 0.826940 2.382977 0.456881 1.007951 1.757080 1.385426 0.560721 0.061828 1.534541 0.538905 1.414859 0.324553 0.140746 1.561338 0.277257 0.688819 0.845084 -0.055055 0.124851 1.247181 
21 2.481840 0.838110 2.394930 0.458007 1.011756 1.744770 1.390624 0.566821 0.059902 1.536985 0.544636 1.421806 0.323882 0.143747 1.565040 0.277135 0.690716 0.837074 -0.056037 0.124828 1.242732 
22 2.491951 0.848458 2.405905 0.459587 1.015394 1.733838 1.395517 0.572446 0.058443 1.539308 0.550023 1.428156 0.323390 0.146536 1.568396 0.277385 0.692517 0.829914 -0.056760 0.124846 1.238733 
23 2.501340 0.858069 2.416012 0.461521 1.018883 1.724163 1.400133 0.577650 0.057378 1.541516 0.555092 1.433981 0.323060 0.149132 1.571449 0.277931 0.694235 0.823533 -0.057269 0.124904 1.235149 
24 2.510087 0.867015 2.425344 0.463729 1.022242 1.715632 1.404496 0.582477 0.056649 1.543618 0.559869 1.439342 0.322879 0.151552 1.574235 0.278709 0.695884 0.817863 -0.057598 0.124999 1.231947 
25 2.518261 0.875361 2.433986 0.466143 1.025485 1.708138 1.408625 0.586967 0.056203 1.545617 0.564373 1.444291 0.322834 0.153814 1.576786 0.279669 0.697472 0.812840 -0.057778 0.125130 1.229093 
26 2.525917 0.883162 2.442010 0.468710 1.028626 1.701583 1.412537 0.591155 0.055998 1.547521 0.568626 1.448874 0.322912 0.155930 1.579129 0.280769 0.699009 0.808406 -0.057834 0.125295 1.226558 
27 2.533104 0.890469 2.449478 0.471386 1.031674 1.695877 1.416248 0.595070 0.055997 1.549333 0.572644 1.453131 0.323101 0.157914 1.581288 0.281976 0.700502 0.804507 -0.057786 0.125492 1.224313 
28 2.539863 0.897326 2.456446 0.474137 1.034638 1.690938 1.419770 0.598739 0.056169 1.551057 0.576446 1.457098 0.323390 0.159777 1.583284 0.283263 0.701956 0.801090 -0.057652 0.125719 1.222330 
29 2.546230 0.903771 2.462964 0.476934 1.037527 1.686688 1.423116 0.602185 0.056485 1.552699 0.580045 1.460803 0.323770 0.161529 1.585136 0.284608 0.703377 0.798109 -0.057448 0.125973 1.220586 
30 2.552238 0.909838 2.469074 0.479754 1.040346 1.683059 1.426296 0.605428 0.056924 1.554263 0.583456 1.464275 0.324229 0.163179 1.586857 0.285992 0.704767 0.795522 -0.057184 0.126252 1.219057 
31 2.557913 0.915560 2.474815 0.482578 1.043101 1.679989 1.429321 0.608486 0.057465 1.555751 0.586692 1.467535 0.324760 0.164736 1.588463 0.287402 0.706131 0.793290 -0.056873 0.126553 1.217724 
32 2.563281 0.920964 2.480222 0.485393 1.045796 1.677419 1.432200 0.611375 0.058092 1.557169 0.589764 1.470605 0.325354 0.166205 1.589965 0.288825 0.707469 0.791377 -0.056522 0.126875 1.216565 
33 2.568365 0.926075 2.485323 0.488186 1.048434 1.675297 1.434941 0.614110 0.058789 1.558519 0.592683 1.473502 0.326003 0.167595 1.591373 0.290252 0.708785 0.789750 -0.056140 0.127214 1.215566 
34 2.573184 0.930915 2.490146 0.490947 1.051019 1.673577 1.437551 0.616702 0.059544 1.559805 0.595459 1.476242 0.326701 0.168912 1.592697 0.291676 0.710080 0.788381 -0.055732 0.127570 1.214708 
35 2.577757 0.935505 2.494715 0.493670 1.053552 1.672217 1.440040 0.619164 0.060347 1.561031 0.598101 1.478840 0.327441 0.170160 1.593945 0.293090 0.711354 0.787243 -0.055305 0.127939 1.213978 
36 2.582100 0.939863 2.499050 0.496350 1.056036 1.671176 1.442412 0.621504 0.061188 1.562199 0.600619 1.481307 0.328217 0.171344 1.595124 0.294489 0.712608 0.786311 -0.054862 0.128320 1.213363 
37 2.586228 0.944006 2.503171 0.498981 1.058472 1.670421 1.444676 0.623733 0.062059 1.563313 0.603019 1.483655 0.329023 0.172470 1.596241 0.295870 0.713844 0.785563 -0.054408 0.128712 1.212851 
38 2.590155 0.947949 2.507094 0.501561 1.060861 1.669920 1.446836 0.625857 0.062953 1.564375 0.605309 1.485892 0.329856 0.173541 1.597299 0.297230 0.715061 0.784981 -0.053946 0.129112 1.212431 
39 2.593894 0.951705 2.510835 0.504087 1.063206 1.669644 1.448899 0.627886 0.063864 1.565388 0.607496 1.488029 0.330710 0.174561 1.598306 0.298567 0.716259 0.784546 -0.053478 0.129519 1.212093 
40 2.597457 0.955288 2.514408 0.506558 1.065506 1.669569 1.450870 0.629824 0.064787 1.566355 0.609587 1.490072 0.331581 0.175534 1.599264 0.299878 0.717439 0.784241 -0.053008 0.129931 1.211829 
41 2.600854 0.958709 2.517824 0.508973 1.067762 1.669670 1.452755 0.631679 0.065717 1.567278 0.611586 1.492028 0.332465 0.176462 1.600178 0.301163 0.718601 0.784054 -0.052537 0.130348 1.211631 
42 2.604097 0.961979 2.521095 0.511331 1.069975 1.669927 1.454557 0.633455 0.066652 1.568161 0.613500 1.493904 0.333360 0.177348 1.601052 0.302420 0.719744 0.783969 -0.052066 0.130768 1.211491 
43 2.607193 0.965107 2.524231 0.513633 1.072145 1.670322 1.456282 0.635158 0.067587 1.569004 0.615333 1.495705 0.334262 0.178196 1.601887 0.303649 0.720869 0.783975 -0.051597 0.131189 1.211403 
44 2.610152 0.968101 2.527241 0.515877 1.074274 1.670837 1.457933 0.636793 0.068520 1.569809 0.617090 1.497436 0.335169 0.179007 1.602688 0.304851 0.721976 0.784063 -0.051132 0.131611 1.211361 
45 2.612981 0.970970 2.530132 0.518066 1.076361 1.671458 1.459515 0.638362 0.069448 1.570580 0.618776 1.499101 0.336077 0.179783 1.603456 0.306023 0.723064 0.784222 -0.050671 0.132033 1.211360 
46 2.615688 0.973722 2.532912 0.520199 1.078407 1.672170 1.461031 0.639871 0.070370 1.571318 0.620393 1.500705 0.336986 0.180528 1.604193 0.307168 0.724134 0.784443 -0.050216 0.132454 1.211395 
47 2.618281 0.976364 2.535588 0.522277 1.080412 1.672961 1.462485 0.641322 0.071283 1.572025 0.621947 1.502251 0.337893 0.181242 1.604903 0.308284 0.725185 0.784719 -0.049766 0.132873 1.211462 
48 2.620765 0.978901 2.538166 0.524302 1.082377 1.673821 1.463880 0.642719 0.072186 1.572702 0.623441 1.503742 0.338795 0.181928 1.605585 0.309372 0.726217 0.785043 -0.049323 0.133290 1.211556 
49 2.623147 0.981340 2.540652 0.526273 1.084302 1.674740 1.465219 0.644065 0.073078 1.573351 0.624877 1.505182 0.339693 0.182587 1.606243 0.310432 0.727231 0.785409 -0.048887 0.133704 1.211676 
50 2.625432 0.983686 2.543050 0.528193 1.086188 1.675708 1.466505 0.645362 0.073958 1.573973 0.626259 1.506574 0.340584 0.183220 1.606877 0.311466 0.728226 0.785810 -0.048457 0.134115 1.211816 
51 2.627626 0.985944 2.545366 0.530063 1.088034 1.676718 1.467742 0.646613 0.074825 1.574570 0.627590 1.507919 0.341467 0.183829 1.607489 0.312472 0.729203 0.786242 -0.048036 0.134521 1.211976 
52 2.629733 0.988119 2.547604 0.531882 1.089843 1.677763 1.468930 0.647821 0.075678 1.575144 0.628872 1.509220 0.342341 0.184416 1.608081 0.313453 0.730161 0.786701 -0.047622 0.134923 1.212151 
53 2.631758 0.990215 2.549767 0.533654 1.091612 1.678836 1.470073 0.648987 0.076517 1.575694 0.630107 1.510480 0.343205 0.184981 1.608652 0.314407 0.731100 0.787181 -0.047216 0.135320 1.212340 
54 2.633706 0.992237 2.551859 0.535378 1.093345 1.679931 1.471174 0.650114 0.077342 1.576224 0.631299 1.511700 0.344058 0.185525 1.609204 0.315337 0.732021 0.787680 -0.046819 0.135712 1.212541 
55 2.635580 0.994187 2.553885 0.537057 1.095040 1.681045 1.472233 0.651203 0.078151 1.576733 0.632449 1.512881 0.344901 0.186050 1.609739 0.316242 0.732923 0.788195 -0.046429 0.136099 1.212752 
56 2.637384 0.996070 2.555846 0.538691 1.096698 1.682171 1.473254 0.652256 0.078945 1.577222 0.633559 1.514027 0.345731 0.186557 1.610256 0.317123 0.733808 0.788722 -0.046047 0.136480 1.212971 
57 2.639122 0.997889 2.557746 0.540281 1.098320 1.683306 1.474238 0.653275 0.079724 1.577694 0.634631 1.515138 0.346549 0.187046 1.610757 0.317981 0.734674 0.789259 -0.045674 0.136855 1.213198 
58 2.640797 0.999646 2.559587 0.541829 1.099906 1.684446 1.475187 0.654262 0.080487 1.578148 0.635667 1.516216 0.347354 0.187518 1.611243 0.318816 0.735521 0.789803 -0.045309 0.137224 1.213430 
59 2.642412 1.001345 2.561372 0.543335 1.101457 1.685589 1.476102 0.655217 0.081234 1.578585 0.636668 1.517261 0.348145 0.187974 1.611714 0.319629 0.736352 0.790352 -0.044952 0.137587 1.213666 
60 2.643970 1.002989 2.563103 0.544802 1.102974 1.686731 1.476985 0.656142 0.081966 1.579007 0.637636 1.518277 0.348923 0.188415 1.612171 0.320420 0.737164 0.790905 -0.044603 0.137943 1.213905 
61 2.645473 1.004579 2.564783 0.546229 1.104456 1.687870 1.477838 0.657038 0.082682 1.579413 0.638573 1.519262 0.349688 0.188842 1.612614 0.321191 0.737959 0.791460 -0.044262 0.138294 1.214148 
62 2.646925 1.006118 2.566414 0.547619 1.105905 1.689003 1.478662 0.657907 0.083383 1.579805 0.639479 1.520220 0.350439 0.189255 1.613044 0.321940 0.738737 0.792015 -0.043929 0.138638 1.214391 
63 2.648328 1.007609 2.567997 0.548971 1.107321 1.690129 1.479459 0.658749 0.084068 1.580184 0.640357 1.521150 0.351175 0.189654 1.613461 0.322670 0.739497 0.792569 -0.043603 0.138975 1.214636 
64 2.649683 1.009053 2.569534 0.550288 1.108705 1.691247 1.480228 0.659566 0.084738 1.580550 0.641207 1.522054 0.351898 0.190041 1.613867 0.323381 0.740241 0.793121 -0.043286 0.139306 1.214881 
65 2.650994 1.010452 2.571027 0.551570 1.110056 1.692353 1.480973 0.660359 0.085394 1.580903 0.642031 1.522932 0.352606 0.190416 1.614260 0.324072 0.740968 0.793671 -0.042975 0.139630 1.215125 
66 2.652262 1.011808 2.572478 0.552818 1.111377 1.693448 1.481693 0.661128 0.086034 1.581244 0.642828 1.523786 0.353301 0.190779 1.614643 0.324746 0.741679 0.794216 -0.042673 0.139948 1.215369 
67 2.653488 1.013123 2.573888 0.554033 1.112666 1.694530 1.482390 0.661875 0.086659 1.581574 0.643602 1.524617 0.353981 0.191131 1.615015 0.325401 0.742374 0.794756 -0.042377 0.140260 1.215611 
68 2.654675 1.014399 2.575258 0.555216 1.113926 1.695599 1.483065 0.662600 0.087270 1.581893 0.644352 1.525424 0.354647 0.191472 1.615376 0.326040 0.743053 0.795291 -0.042089 0.140565 1.215852 
69 2.655825 1.015637 2.576591 0.556368 1.115156 1.696652 1.483719 0.663304 0.087867 1.582202 0.645080 1.526210 0.355300 0.191803 1.615728 0.326661 0.743717 0.795820 -0.041807 0.140863 1.216091 
70 2.656938 1.016838 2.577886 0.557490 1.116357 1.697690 1.484352 0.663988 0.088450 1.582501 0.645786 1.526974 0.355939 0.192123 1.616069 0.327266 0.744365 0.796343 -0.041533 0.141156 1.216327 
71 2.658017 1.018004 2.579147 0.558582 1.117530 1.698712 1.484965 0.664653 0.089019 1.582791 0.646471 1.527717 0.356564 0.192435 1.616402 0.327855 0.744998 0.796858 -0.041265 0.141442 1.216561 
72 2.659063 1.019136 2.580372 0.559645 1.118674 1.699718 1.485560 0.665298 0.089575 1.583071 0.647136 1.528441 0.357175 0.192737 1.616725 0.328429 0.745617 0.797366 -0.041004 0.141721 1.216791 
73 2.660077 1.020236 2.581565 0.560681 1.119792 1.700707 1.486137 0.665926 0.090117 1.583343 0.647781 1.529145 0.357773 0.193030 1.617039 0.328987 0.746221 0.797867 -0.040749 0.141995 1.217019 
74 2.661060 1.021304 2.582725 0.561690 1.120883 1.701678 1.486696 0.666536 0.090646 1.583606 0.648408 1.529830 0.358358 0.193315 1.617345 0.329531 0.746811 0.798360 -0.040501 0.142263 1.217244 
75 2.662014 1.022342 2.583855 0.562673 1.121948 1.702633 1.487239 0.667129 0.091163 1.583861 0.649017 1.530497 0.358929 0.193592 1.617643 0.330061 0.747387 0.798844 -0.040258 0.142524 1.217465 
76 2.662940 1.023351 2.584954 0.563630 1.122988 1.703569 1.487765 0.667706 0.091667 1.584109 0.649609 1.531146 0.359488 0.193861 1.617933 0.330577 0.747949 0.799321 -0.040022 0.142780 1.217683 
77 2.663838 1.024331 2.586023 0.564562 1.124002 1.704488 1.488276 0.668267 0.092159 1.584349 0.650184 1.531779 0.360035 0.194122 1.618215 0.331079 0.748498 0.799789 -0.039791 0.143030 1.217897 
78 2.664710 1.025285 2.587065 0.565470 1.124992 1.705390 1.488773 0.668812 0.092639 1.584581 0.650742 1.532394 0.360568 0.194376 1.618489 0.331569 0.749034 0.800248 -0.039567 0.143274 1.218107 
79 2.665557 1.026211 2.588079 0.566355 1.125958 1.706273 1.489254 0.669343 0.093107 1.584807 0.651286 1.532994 0.361090 0.194622 1.618757 0.332045 0.749557 0.800699 -0.039348 0.143513 1.218314 
80 2.666379 1.027113 2.589066 0.567217 1.126901 1.707139 1.489722 0.669860 0.093564 1.585027 0.651814 1.533578 0.361599 0.194862 1.619017 0.332510 0.750067 0.801141 -0.039134 0.143746 1.218517 
81 2.667179 1.027989 2.590028 0.568056 1.127821 1.707987 1.490177 0.670362 0.094010 1.585240 0.652327 1.534146 0.362097 0.195095 1.619270 0.332962 0.750566 0.801575 -0.038926 0.143973 1.218717 
82 2.667955 1.028842 2.590964 0.568874 1.128718 1.708818 1.490619 0.670851 0.094444 1.585447 0.652826 1.534700 0.362583 0.195322 1.619517 0.333403 0.751052 0.802000 -0.038722 0.144196 1.218912 
83 2.668710 1.029672 2.591876 0.569671 1.129594 1.709631 1.491048 0.671327 0.094868 1.585647 0.653312 1.535240 0.363058 0.195543 1.619758 0.333832 0.751526 0.802417 -0.038524 0.144413 1.219104 
84 2.669443 1.030479 2.592765 0.570448 1.130448 1.710427 1.491465 0.671790 0.095282 1.585843 0.653785 1.535765 0.363521 0.195757 1.619992 0.334250 0.751990 0.802825 -0.038331 0.144625 1.219292 
85 2.670156 1.031265 2.593630 0.571204 1.131282 1.711206 1.491871 0.672241 0.095686 1.586032 0.654244 1.536277 0.363974 0.195966 1.620220 0.334657 0.752441 0.803224 -0.038143 0.144832 1.219476 
86 2.670850 1.032030 2.594473 0.571942 1.132095 1.711968 1.492265 0.672680 0.096079 1.586217 0.654692 1.536776 0.364416 0.196169 1.620442 0.335054 0.752882 0.803615 -0.037959 0.145034 1.219656 
87 2.671524 1.032774 2.595294 0.572660 1.132889 1.712713 1.492649 0.673108 0.096463 1.586396 0.655127 1.537262 0.364847 0.196366 1.620658 0.335441 0.753312 0.803998 -0.037781 0.145231 1.219833 
88 2.672180 1.033499 2.596095 0.573360 1.133663 1.713442 1.493022 0.673524 0.096837 1.586570 0.655551 1.537735 0.365268 0.196559 1.620869 0.335818 0.753732 0.804372 -0.037606 0.145424 1.220006 
89 2.672818 1.034204 2.596874 0.574043 1.134418 1.714155 1.493385 0.673930 0.097202 1.586739 0.655963 1.538197 0.365679 0.196746 1.621074 0.336185 0.754142 0.804738 -0.037436 0.145612 1.220175 
90 2.673439 1.034891 2.597634 0.574707 1.135154 1.714851 1.493738 0.674324 0.097558 1.586904 0.656364 1.538646 0.366080 0.196928 1.621274 0.336543 0.754541 0.805096 -0.037270 0.145795 1.220341 
91 2.674043 1.035560 2.598375 0.575355 1.135873 1.715532 1.494082 0.674709 0.097906 1.587064 0.656755 1.539085 0.366472 0.197105 1.621469 0.336892 0.754931 0.805446 -0.037109 0.145974 1.220502 
92 2.674631 1.036212 2.599096 0.575987 1.136574 1.716197 1.494416 0.675084 0.098244 1.587220 0.657136 1.539512 0.366854 0.197278 1.621659 0.337231 0.755311 0.805789 -0.036951 0.146149 1.220661 
93 2.675203 1.036847 2.599799 0.576603 1.137258 1.716847 1.494741 0.675448 0.098574 1.587372 0.657506 1.539928 0.367227 0.197446 1.621845 0.337563 0.755682 0.806123 -0.036797 0.146319 1.220816 
94 2.675760 1.037465 2.600485 0.577203 1.137925 1.717482 1.495058 0.675804 0.098896 1.587519 0.657867 1.540333 0.367590 0.197610 1.622025 0.337885 0.756044 0.806450 -0.036647 0.146486 1.220967 
95 2.676302 1.038067 2.601153 0.577787 1.138575 1.718103 1.495366 0.676150 0.099210 1.587663 0.658219 1.540729 0.367945 0.197769 1.622201 0.338200 0.756396 0.806770 -0.036501 0.146648 1.221115 
96 2.676830 1.038653 2.601804 0.578358 1.139210 1.718708 1.495666 0.676488 0.099517 1.587803 0.658561 1.541114 0.368292 0.197925 1.622372 0.338506 0.756741 0.807082 -0.036359 0.146807 1.221260 
97 2.677345 1.039225 2.602439 0.578913 1.139829 1.719300 1.495959 0.676816 0.099815 1.587939 0.658894 1.541490 0.368630 0.198076 1.622539 0.338805 0.757076 0.807387 -0.036220 0.146961 1.221401 
98 2.677845 1.039782 2.603057 0.579455 1.140432 1.719878 1.496243 0.677137 0.100107 1.588071 0.659219 1.541856 0.368960 0.198223 1.622702 0.339097 0.757404 0.807685 -0.036085 0.147112 1.221539 
99 2.678333 1.040324 2.603660 0.579983 1.141021 1.720443 1.496520 0.677449 0.100391 1.588200 0.659536 1.542213 0.369281 0.198367 1.622861 0.339380 0.757723 0.807976 -0.035953 0.147259 1.221674 
100 2.678808 1.040853 2.604248 0.580498 1.141596 1.720994 1.496790 0.677753 0.100668 1.588326 0.659844 1.542560 0.369595 0.198507 1.623015 0.339657 0.758035 0.808260 -0.035824 0.147403 1.221806 
101 2.679270 1.041368 2.604821 0.581000 1.142156 1.721532 1.497053 0.678049 0.100938 1.588448 0.660144 1.542900 0.369901 0.198643 1.623166 0.339927 0.758339 0.808537 -0.035699 0.147543 1.221934 
102 2.679721 1.041870 2.605380 0.581489 1.142702 1.722057 1.497309 0.678338 0.101201 1.588567 0.660437 1.543230 0.370200 0.198776 1.623313 0.340190 0.758636 0.808808 -0.035576 0.147679 1.222060 
103 2.680160 1.042359 2.605925 0.581966 1.143235 1.722569 1.497558 0.678620 0.101458 1.588683 0.660722 1.543552 0.370491 0.198905 1.623456 0.340446 0.758925 0.809073 -0.035457 0.147812 1.222183 
104 2.680588 1.042836 2.606456 0.582431 1.143755 1.723070 1.497801 0.678894 0.101708 1.588796 0.661000 1.543867 0.370776 0.199031 1.623596 0.340696 0.759207 0.809331 -0.035341 0.147942 1.222302 
105 2.681005 1.043301 2.606974 0.582884 1.144262 1.723558 1.498038 0.679162 0.101953 1.588906 0.661271 1.544173 0.371053 0.199154 1.623732 0.340940 0.759482 0.809583 -0.035227 0.148069 1.222419 
106 2.681411 1.043754 2.607479 0.583326 1.144757 1.724035 1.498269 0.679422 0.102191 1.589013 0.661534 1.544472 0.371324 0.199274 1.623865 0.341177 0.759750 0.809829 -0.035117 0.148193 1.222534 
107 2.681806 1.044196 2.607971 0.583757 1.145239 1.724500 1.498494 0.679677 0.102423 1.589117 0.661792 1.544763 0.371588 0.199390 1.623994 0.341409 0.760012 0.810069 -0.035009 0.148313 1.222645 
108 2.682192 1.044626 2.608452 0.584177 1.145710 1.724955 1.498712 0.679924 0.102650 1.589219 0.662042 1.545047 0.371845 0.199504 1.624121 0.341634 0.760267 0.810304 -0.034904 0.148431 1.222754 
109 2.682568 1.045046 2.608920 0.584587 1.146169 1.725398 1.498926 0.680166 0.102871 1.589318 0.662287 1.545324 0.372096 0.199615 1.624244 0.341855 0.760516 0.810532 -0.034801 0.148546 1.222860 
110 2.682934 1.045455 2.609376 0.584987 1.146616 1.725830 1.499134 0.680401 0.103086 1.589415 0.662525 1.545594 0.372341 0.199723 1.624363 0.342069 0.760759 0.810756 -0.034701 0.148658 1.222964 
111 2.683291 1.045854 2.609821 0.585376 1.147053 1.726252 1.499337 0.680631 0.103296 1.589509 0.662757 1.545857 0.372580 0.199828 1.624480 0.342278 0.760996 0.810974 -0.034604 0.148767 1.223065 
112 2.683639 1.046243 2.610256 0.585756 1.147479 1.726664 1.499534 0.680855 0.103501 1.589600 0.662983 1.546114 0.372813 0.199931 1.624594 0.342482 0.761227 0.811186 -0.034509 0.148874 1.223164 
113 2.683978 1.046622 2.610679 0.586126 1.147894 1.727066 1.499727 0.681073 0.103701 1.589690 0.663204 1.546364 0.373041 0.200031 1.624706 0.342681 0.761452 0.811394 -0.034416 0.148978 1.223260 
114 2.684309 1.046992 2.611092 0.586488 1.148299 1.727458 1.499914 0.681286 0.103896 1.589777 0.663419 1.546608 0.373262 0.200128 1.624814 0.342875 0.761672 0.811596 -0.034326 0.149079 1.223354 
115 2.684631 1.047352 2.611494 0.586840 1.148695 1.727841 1.500097 0.681493 0.104086 1.589862 0.663629 1.546846 0.373479 0.200223 1.624920 0.343064 0.761886 0.811794 -0.034238 0.149178 1.223446 
116 2.684946 1.047704 2.611887 0.587183 1.149080 1.728214 1.500276 0.681695 0.104271 1.589944 0.663833 1.547078 0.373690 0.200316 1.625023 0.343249 0.762095 0.811987 -0.034152 0.149274 1.223535 
117 2.685252 1.048046 2.612270 0.587518 1.149456 1.728578 1.500449 0.681893 0.104452 1.590025 0.664033 1.547305 0.373896 0.200406 1.625123 0.343429 0.762299 0.812175 -0.034068 0.149368 1.223623 
118 2.685551 1.048381 2.612643 0.587845 1.149823 1.728934 1.500619 0.682085 0.104628 1.590104 0.664227 1.547525 0.374096 0.200494 1.625221 0.343604 0.762498 0.812358 -0.033986 0.149460 1.223708 
119 2.685842 1.048707 2.613008 0.588164 1.150180 1.729280 1.500784 0.682272 0.104800 1.590180 0.664416 1.547741 0.374292 0.200580 1.625317 0.343775 0.762692 0.812537 -0.033907 0.149550 1.223791 
120 2.686126 1.049024 2.613363 0.588474 1.150529 1.729619 1.500945 0.682455 0.104968 1.590255 0.664601 1.547950 0.374483 0.200664 1.625410 0.343942 0.762882 0.812712 -0.033829 0.149637 1.223872 
121 2.686403 1.049334 2.613709 0.588777 1.150870 1.729949 1.501102 0.682634 0.105132 1.590328 0.664781 1.548155 0.374670 0.200746 1.625501 0.344104 0.763066 0.812883 -0.033753 0.149722 1.223952 
122 2.686673 1.049636 2.614047 0.589073 1.151202 1.730271 1.501255 0.682807 0.105291 1.590399 0.664957 1.548355 0.374851 0.200825 1.625590 0.344263 0.763246 0.813049 -0.033679 0.149805 1.224029 
123 2.686936 1.049931 2.614377 0.589361 1.151525 1.730585 1.501405 0.682977 0.105447 1.590468 0.665128 1.548550 0.375029 0.200903 1.625676 0.344417 0.763422 0.813211 -0.033607 0.149886 1.224104 
124 2.687193 1.050219 2.614698 0.589642 1.151841 1.730891 1.501550 0.683142 0.105599 1.590536 0.665295 1.548740 0.375202 0.200979 1.625761 0.344568 0.763593 0.813369 -0.033537 0.149965 1.224178 
125 2.687443 1.050499 2.615012 0.589916 1.152149 1.731190 1.501692 0.683304 0.105747 1.590601 0.665458 1.548925 0.375370 0.201053 1.625843 0.344715 0.763760 0.813524 -0.033468 0.150042 1.224250 
126 2.687687 1.050772 2.615318 0.590184 1.152450 1.731482 1.501831 0.683461 0.105891 1.590666 0.665617 1.549105 0.375535 0.201125 1.625923 0.344859 0.763923 0.813675 -0.033401 0.150117 1.224320 
127 2.687925 1.051039 2.615616 0.590444 1.152743 1.731766 1.501965 0.683614 0.106032 1.590728 0.665772 1.549282 0.375695 0.201195 1.626001 0.344999 0.764082 0.813822 -0.033336 0.150191 1.224388 
128 2.688157 1.051299 2.615907 0.590699 1.153029 1.732044 1.502097 0.683764 0.106169 1.590789 0.665923 1.549454 0.375852 0.201263 1.626078 0.345135 0.764237 0.813965 -0.033272 0.150262 1.224455 
129 2.688384 1.051553 2.616191 0.590947 1.153308 1.732315 1.502225 0.683910 0.106303 1.590849 0.666070 1.549621 0.376005 0.201330 1.626152 0.345268 0.764388 0.814105 -0.033210 0.150332 1.224520 
130 2.688604 1.051800 2.616467 0.591189 1.153580 1.732579 1.502351 0.684052 0.106434 1.590907 0.666214 1.549785 0.376153 0.201395 1.626225 0.345398 0.764536 0.814241 -0.033150 0.150400 1.224583 
131 2.688820 1.052041 2.616737 0.591425 1.153845 1.732837 1.502473 0.684191 0.106561 1.590963 0.666354 1.549944 0.376299 0.201459 1.626296 0.345525 0.764680 0.814374 -0.033091 0.150467 1.224645 
132 2.689030 1.052277 2.617001 0.591655 1.154104 1.733088 1.502592 0.684326 0.106685 1.591018 0.666491 1.550100 0.376441 0.201521 1.626365 0.345648 0.764820 0.814504 -0.033033 0.150531 1.224705 
133 2.689235 1.052506 2.617258 0.591879 1.154357 1.733333 1.502708 0.684458 0.106806 1.591072 0.666624 1.550251 0.376579 0.201581 1.626432 0.345768 0.764957 0.814631 -0.032977 0.150594 1.224764 
134 2.689434 1.052730 2.617508 0.592098 1.154603 1.733572 1.502821 0.684587 0.106925 1.591125 0.666754 1.550399 0.376714 0.201640 1.626498 0.345886 0.765090 0.814755 -0.032922 0.150656 1.224822 
135 2.689629 1.052949 2.617753 0.592312 1.154843 1.733806 1.502931 0.684713 0.107040 1.591176 0.666881 1.550544 0.376845 0.201697 1.626562 0.346000 0.765221 0.814875 -0.032869 0.150716 1.224878 
136 2.689819 1.053162 2.617991 0.592520 1.155078 1.734034 1.503039 0.684835 0.107152 1.591226 0.667005 1.550684 0.376974 0.201753 1.626624 0.346112 0.765348 0.814993 -0.032817 0.150775 1.224932 
137 2.690005 1.053369 2.618224 0.592723 1.155306 1.734256 1.503144 0.684955 0.107262 1.591274 0.667125 1.550822 0.377099 0.201808 1.626685 0.346221 0.765472 0.815107 -0.032766 0.150832 1.224986 
138 2.690186 1.053572 2.618451 0.592922 1.155530 1.734472 1.503247 0.685071 0.107369 1.591322 0.667243 1.550956 0.377221 0.201861 1.626745 0.346327 0.765593 0.815219 -0.032717 0.150888 1.225038 
139 2.690362 1.053770 2.618672 0.593115 1.155747 1.734684 1.503347 0.685185 0.107474 1.591368 0.667358 1.551086 0.377340 0.201913 1.626803 0.346431 0.765711 0.815329 -0.032668 0.150942 1.225088 
140 2.690534 1.053963 2.618888 0.593304 1.155959 1.734890 1.503444 0.685296 0.107575 1.591413 0.667470 1.551214 0.377456 0.201964 1.626859 0.346532 0.765826 0.815435 -0.032621 0.150995 1.225138 
141 2.690702 1.054151 2.619099 0.593488 1.156166 1.735091 1.503539 0.685404 0.107675 1.591457 0.667579 1.551338 0.377569 0.202014 1.626914 0.346631 0.765938 0.815539 -0.032575 0.151047 1.225186 
142 2.690865 1.054334 2.619304 0.593667 1.156368 1.735287 1.503632 0.685509 0.107772 1.591500 0.667685 1.551460 0.377680 0.202062 1.626968 0.346727 0.766047 0.815640 -0.032530 0.151098 1.225233 
143 2.691025 1.054513 2.619505 0.593842 1.156565 1.735479 1.503722 0.685612 0.107866 1.591542 0.667789 1.551578 0.377788 0.202109 1.627021 0.346821 0.766154 0.815739 -0.032486 0.151147 1.225279 
144 2.691181 1.054688 2.619700 0.594013 1.156758 1.735666 1.503810 0.685713 0.107958 1.591583 0.667891 1.551693 0.377893 0.202155 1.627072 0.346912 0.766258 0.815836 -0.032444 0.151195 1.225324 
145 2.691333 1.054858 2.619891 0.594179 1.156945 1.735848 1.503896 0.685811 0.108048 1.591623 0.667990 1.551806 0.377996 0.202200 1.627122 0.347002 0.766360 0.815930 -0.032402 0.151242 1.225368 
146 2.691481 1.055025 2.620077 0.594342 1.157128 1.736025 1.503980 0.685906 0.108136 1.591662 0.668086 1.551916 0.378096 0.202243 1.627171 0.347089 0.766459 0.816022 -0.032362 0.151287 1.225410 
147 2.691626 1.055187 2.620259 0.594500 1.157307 1.736199 1.504062 0.685999 0.108222 1.591699 0.668180 1.552023 0.378193 0.202286 1.627218 0.347174 0.766556 0.816111 -0.032322 0.151332 1.225452 
148 2.691767 1.055345 2.620436 0.594655 1.157481 1.736368 1.504142 0.686090 0.108305 1.591736 0.668272 1.552127 0.378289 0.202327 1.627265 0.347257 0.766650 0.816198 -0.032283 0.151376 1.225493 
149 2.691904 1.055499 2.620609 0.594806 1.157651 1.736533 1.504220 0.686179 0.108386 1.591773 0.668361 1.552229 0.378382 0.202368 1.627310 0.347338 0.766742 0.816284 -0.032246 0.151418 1.225532 
150 2.692038 1.055650 2.620777 0.594953 1.157816 1.736694 1.504296 0.686265 0.108466 1.591808 0.668449 1.552329 0.378472 0.202408 1.627354 0.347416 0.766832 0.816367 -0.032209 0.151459 1.225571 
151 2.692169 1.055797 2.620942 0.595097 1.157978 1.736851 1.504370 0.686350 0.108543 1.591842 0.668534 1.552426 0.378561 0.202446 1.627397 0.347493 0.766919 0.816448 -0.032173 0.151500 1.225608 
152 2.692297 1.055940 2.621102 0.595237 1.158136 1.737004 1.504442 0.686432 0.108619 1.591876 0.668617 1.552520 0.378647 0.202484 1.627439 0.347568 0.767005 0.816527 -0.032138 0.151539 1.225645 
153 2.692422 1.056080 2.621259 0.595373 1.158289 1.737154 1.504513 0.686512 0.108693 1.591908 0.668698 1.552613 0.378731 0.202520 1.627480 0.347642 0.767088 0.816604 -0.032104 0.151578 1.225681 
154 2.692543 1.056216 2.621412 0.595507 1.158439 1.737299 1.504582 0.686591 0.108765 1.591940 0.668777 1.552703 0.378813 0.202556 1.627520 0.347713 0.767169 0.816679 -0.032071 0.151615 1.225716 
155 2.692662 1.056349 2.621561 0.595637 1.158586 1.737442 1.504649 0.686667 0.108835 1.591971 0.668854 1.552791 0.378893 0.202591 1.627559 0.347783 0.767249 0.816753 -0.032038 0.151652 1.225750 
156 2.692777 1.056479 2.621706 0.595763 1.158729 1.737580 1.504714 0.686742 0.108903 1.592001 0.668929 1.552876 0.378972 0.202625 1.627597 0.347851 0.767326 0.816825 -0.032006 0.151688 1.225783 
157 2.692890 1.056605 2.621848 0.595887 1.158868 1.737716 1.504778 0.686814 0.108970 1.592031 0.669003 1.552960 0.379048 0.202659 1.627634 0.347917 0.767402 0.816895 -0.031975 0.151722 1.225816 
158 2.693000 1.056729 2.621986 0.596008 1.159004 1.737848 1.504841 0.686885 0.109035 1.592060 0.669074 1.553042 0.379122 0.202691 1.627670 0.347982 0.767475 0.816963 -0.031945 0.151756 1.225848 
159 2.693108 1.056849 2.622121 0.596126 1.159137 1.737977 1.504901 0.686954 0.109099 1.592088 0.669144 1.553121 0.379195 0.202723 1.627706 0.348045 0.767547 0.817029 -0.031916 0.151789 1.225879 
160 2.693213 1.056967 2.622253 0.596241 1.159266 1.738102 1.504961 0.687022 0.109161 1.592115 0.669212 1.553199 0.379266 0.202754 1.627740 0.348106 0.767617 0.817094 -0.031887 0.151822 1.225909 
161 2.693315 1.057081 2.622381 0.596353 1.159392 1.738225 1.505019 0.687088 0.109221 1.592142 0.669279 1.553275 0.379335 0.202784 1.627774 0.348166 0.767686 0.817157 -0.031859 0.151853 1.225938 
162 2.693414 1.057193 2.622507 0.596462 1.159515 1.738345 1.505075 0.687152 0.109280 1.592168 0.669344 1.553349 0.379402 0.202813 1.627807 0.348225 0.767752 0.817219 -0.031832 0.151884 1.225967 
163 2.693512 1.057303 2.622629 0.596569 1.159635 1.738461 1.505130 0.687215 0.109338 1.592194 0.669407 1.553421 0.379468 0.202842 1.627839 0.348282 0.767817 0.817279 -0.031805 0.151914 1.225995 
164 2.693607 1.057409 2.622748 0.596673 1.159753 1.738575 1.505184 0.687276 0.109394 1.592219 0.669469 1.553491 0.379532 0.202870 1.627870 0.348338 0.767881 0.817338 -0.031779 0.151943 1.226022 
165 2.693699 1.057513 2.622865 0.596774 1.159867 1.738686 1.505236 0.687336 0.109449 1.592243 0.669529 1.553560 0.379594 0.202897 1.627900 0.348392 0.767943 0.817396 -0.031754 0.151972 1.226049 
166 2.693790 1.057614 2.622978 0.596873 1.159979 1.738795 1.505287 0.687394 0.109502 1.592267 0.669588 1.553627 0.379655 0.202924 1.627930 0.348445 0.768003 0.817452 -0.031729 0.152000 1.226075 
167 2.693878 1.057713 2.623089 0.596970 1.160087 1.738900 1.505337 0.687451 0.109554 1.592290 0.669645 1.553692 0.379715 0.202949 1.627959 0.348497 0.768062 0.817506 -0.031705 0.152027 1.226100 
168 2.693964 1.057810 2.623197 0.597064 1.160194 1.739004 1.505386 0.687506 0.109605 1.592312 0.669701 1.553756 0.379773 0.202975 1.627987 0.348548 0.768120 0.817559 -0.031681 0.152054 1.226125 
169 2.694048 1.057904 2.623302 0.597156 1.160297 1.739104 1.505433 0.687560 0.109655 1.592334 0.669756 1.553818 0.379830 0.203000 1.628015 0.348597 0.768176 0.817611 -0.031658 0.152079 1.226149 
170 2.694130 1.057996 2.623405 0.597246 1.160398 1.739202 1.505480 0.687613 0.109703 1.592356 0.669809 1.553878 0.379885 0.203024 1.628042 0.348645 0.768230 0.817662 -0.031636 0.152105 1.226173 
171 2.694209 1.058085 2.623506 0.597334 1.160497 1.739298 1.505525 0.687664 0.109751 1.592377 0.669861 1.553938 0.379939 0.203047 1.628068 0.348692 0.768284 0.817711 -0.031614 0.152129 1.226196 
172 2.694287 1.058173 2.623604 0.597419 1.160593 1.739392 1.505569 0.687715 0.109797 1.592397 0.669911 1.553995 0.379992 0.203070 1.628094 0.348738 0.768336 0.817760 -0.031593 0.152153 1.226218 
173 2.694363 1.058258 2.623699 0.597502 1.160687 1.739483 1.505612 0.687764 0.109842 1.592417 0.669961 1.554052 0.380043 0.203092 1.628119 0.348782 0.768387 0.817807 -0.031572 0.152177 1.226240 
174 2.694438 1.058341 2.623792 0.597584 1.160778 1.739572 1.505654 0.687811 0.109885 1.592436 0.670009 1.554107 0.380093 0.203114 1.628143 0.348826 0.768436 0.817853 -0.031552 0.152200 1.226261 
175 2.694510 1.058422 2.623883 0.597663 1.160868 1.739658 1.505695 0.687858 0.109928 1.592455 0.670056 1.554160 0.380142 0.203136 1.628167 0.348868 0.768485 0.817898 -0.031532 0.152222 1.226282 
176 2.694581 1.058502 2.623972 0.597740 1.160955 1.739743 1.505735 0.687903 0.109970 1.592474 0.670102 1.554213 0.380189 0.203156 1.628190 0.348910 0.768532 0.817941 -0.031513 0.152244 1.226302 
177 2.694649 1.058579 2.624059 0.597816 1.161040 1.739826 1.505774 0.687948 0.110011 1.592492 0.670147 1.554264 0.380236 0.203177 1.628213 0.348950 0.768578 0.817984 -0.031494 0.152265 1.226322 
178 2.694717 1.058654 2.624143 0.597890 1.161123 1.739906 1.505812 0.687991 0.110050 1.592509 0.670191 1.554313 0.380281 0.203196 1.628235 0.348990 0.768623 0.818025 -0.031475 0.152286 1.226341 
179 2.694782 1.058728 2.624226 0.597961 1.161204 1.739985 1.505849 0.688033 0.110089 1.592527 0.670233 1.554362 0.380326 0.203216 1.628256 0.349028 0.768667 0.818066 -0.031457 0.152306 1.226360 
180 2.694846 1.058800 2.624306 0.598032 1.161283 1.740062 1.505885 0.688075 0.110127 1.592543 0.670275 1.554409 0.380369 0.203235 1.628277 0.349066 0.768710 0.818106 -0.031440 0.152326 1.226379 
181 2.694909 1.058870 2.624385 0.598100 1.161360 1.740136 1.505920 0.688115 0.110164 1.592560 0.670315 1.554456 0.380411 0.203253 1.628298 0.349103 0.768751 0.818144 -0.031423 0.152345 1.226397 
182 2.694970 1.058938 2.624461 0.598167 1.161435 1.740209 1.505955 0.688154 0.110200 1.592576 0.670355 1.554501 0.380452 0.203271 1.628318 0.349138 0.768792 0.818182 -0.031406 0.152364 1.226414 
183 2.695029 1.059005 2.624536 0.598232 1.161509 1.740281 1.505988 0.688192 0.110235 1.592591 0.670394 1.554545 0.380492 0.203288 1.628337 0.349173 0.768832 0.818219 -0.031390 0.152382 1.226431 
184 2.695087 1.059070 2.624609 0.598295 1.161580 1.740350 1.506021 0.688230 0.110269 1.592606 0.670431 1.554588 0.380531 0.203305 1.628356 0.349207 0.768870 0.818255 -0.031374 0.152400 1.226448 
185 2.695143 1.059133 2.624680 0.598357 1.161650 1.740418 1.506053 0.688266 0.110303 1.592621 0.670468 1.554630 0.380570 0.203322 1.628375 0.349240 0.768908 0.818290 -0.031359 0.152417 1.226464 
186 2.695199 1.059195 2.624749 0.598418 1.161718 1.740484 1.506084 0.688302 0.110335 1.592636 0.670504 1.554671 0.380607 0.203338 1.628393 0.349273 0.768945 0.818324 -0.031344 0.152434 1.226480 
187 2.695253 1.059255 2.624817 0.598477 1.161785 1.740549 1.506115 0.688336 0.110367 1.592650 0.670539 1.554710 0.380643 0.203354 1.628411 0.349304 0.768981 0.818357 -0.031329 0.152451 1.226495 
188 2.695305 1.059314 2.624883 0.598534 1.161849 1.740612 1.506145 0.688370 0.110398 1.592663 0.670573 1.554749 0.380679 0.203370 1.628428 0.349335 0.769016 0.818390 -0.031314 0.152467 1.226511 
189 2.695356 1.059372 2.624947 0.598591 1.161913 1.740673 1.506174 0.688403 0.110429 1.592677 0.670606 1.554787 0.380713 0.203385 1.628445 0.349365 0.769051 0.818421 -0.031300 0.152483 1.226525 
190 2.695406 1.059428 2.625010 0.598645 1.161974 1.740733 1.506202 0.688435 0.110458 1.592690 0.670639 1.554824 0.380747 0.203400 1.628461 0.349395 0.769084 0.818452 -0.031287 0.152498 1.226540 
191 2.695455 1.059483 2.625072 0.598699 1.162035 1.740791 1.506230 0.688467 0.110487 1.592703 0.670671 1.554860 0.380780 0.203414 1.628477 0.349423 0.769117 0.818482 -0.031273 0.152513 1.226554 
192 2.695503 1.059536 2.625131 0.598751 1.162093 1.740849 1.506256 0.688497 0.110515 1.592715 0.670702 1.554896 0.380812 0.203428 1.628493 0.349451 0.769148 0.818512 -0.031260 0.152528 1.226567 
193 2.695549 1.059588 2.625190 0.598802 1.162151 1.740904 1.506283 0.688527 0.110543 1.592727 0.670732 1.554930 0.380843 0.203442 1.628508 0.349479 0.769179 0.818541 -0.031248 0.152542 1.226581 
194 2.695595 1.059639 2.625247 0.598852 1.162207 1.740958 1.506308 0.688557 0.110569 1.592739 0.670761 1.554964 0.380874 0.203455 1.628523 0.349505 0.769210 0.818569 -0.031235 0.152556 1.226594 
195 2.695639 1.059689 2.625302 0.598900 1.162261 1.741011 1.506333 0.688585 0.110596 1.592751 0.670790 1.554997 0.380904 0.203468 1.628538 0.349531 0.769239 0.818596 -0.031223 0.152570 1.226606 
196 2.695682 1.059737 2.625357 0.598947 1.162315 1.741063 1.506358 0.688613 0.110621 1.592762 0.670818 1.555028 0.380933 0.203481 1.628552 0.349556 0.769268 0.818623 -0.031211 0.152583 1.226619 
197 2.695724 1.059784 2.625410 0.598994 1.162366 1.741114 1.506382 0.688640 0.110646 1.592773 0.670845 1.555060 0.380961 0.203493 1.628566 0.349581 0.769296 0.818649 -0.031200 0.152596 1.226631 
198 2.695765 1.059831 2.625461 0.599039 1.162417 1.741163 1.506405 0.688666 0.110670 1.592784 0.670872 1.555090 0.380989 0.203505 1.628579 0.349605 0.769324 0.818674 -0.031189 0.152609 1.226643 
199 2.695805 1.059876 2.625512 0.599083 1.162467 1.741211 1.506427 0.688692 0.110694 1.592794 0.670898 1.555120 0.381016 0.203517 1.628592 0.349629 0.769350 0.818699 -0.031178 0.152621 1.226654 
200 2.695844 1.059919 2.625561 0.599125 1.162515 1.741258 1.506450 0.688717 0.110717 1.592805 0.670923 1.555149 0.381042 0.203528 1.628605 0.349652 0.769377 0.818723 -0.031167 0.152633 1.226665 
201 2.695882 1.059962 2.625609 0.599167 1.162562 1.741303 1.506471 0.688742 0.110740 1.592815 0.670948 1.555177 0.381068 0.203540 1.628618 0.349674 0.769402 0.818747 -0.031157 0.152645 1.226676 
202 2.695920 1.060004 2.625656 0.599208 1.162608 1.741348 1.506492 0.688766 0.110762 1.592824 0.670972 1.555205 0.381093 0.203551 1.628630 0.349696 0.769427 0.818770 -0.031146 0.152656 1.226687 
203 2.695956 1.060045 2.625701 0.599248 1.162653 1.741392 1.506513 0.688789 0.110783 1.592834 0.670996 1.555231 0.381118 0.203561 1.628642 0.349717 0.769451 0.818792 -0.031136 0.152668 1.226697 
204 2.695991 1.060085 2.625746 0.599287 1.162697 1.741434 1.506533 0.688812 0.110804 1.592843 0.671019 1.555258 0.381142 0.203572 1.628654 0.349738 0.769475 0.818814 -0.031127 0.152679 1.226708 
205 2.696026 1.060123 2.625789 0.599325 1.162739 1.741475 1.506552 0.688834 0.110824 1.592852 0.671042 1.555283 0.381165 0.203582 1.628665 0.349758 0.769498 0.818835 -0.031117 0.152689 1.226718 
206 2.696060 1.060161 2.625832 0.599361 1.162781 1.741516 1.506571 0.688856 0.110844 1.592861 0.671064 1.555308 0.381188 0.203592 1.628676 0.349778 0.769521 0.818856 -0.031108 0.152700 1.226727 
207 2.696093 1.060198 2.625873 0.599398 1.162821 1.741555 1.506590 0.688877 0.110864 1.592870 0.671085 1.555333 0.381210 0.203602 1.628687 0.349797 0.769543 0.818877 -0.031099 0.152710 1.226737 
208 2.696125 1.060234 2.625913 0.599433 1.162861 1.741594 1.506608 0.688898 0.110883 1.592878 0.671106 1.555357 0.381232 0.203611 1.628697 0.349816 0.769564 0.818896 -0.031090 0.152720 1.226746 
209 2.696156 1.060269 2.625953 0.599467 1.162900 1.741631 1.506626 0.688918 0.110901 1.592886 0.671126 1.555380 0.381253 0.203620 1.628708 0.349835 0.769585 0.818916 -0.031082 0.152729 1.226755 
210 2.696187 1.060304 2.625991 0.599501 1.162938 1.741668 1.506643 0.688938 0.110919 1.592894 0.671146 1.555402 0.381273 0.203629 1.628718 0.349853 0.769605 0.818935 -0.031073 0.152739 1.226764 
211 2.696217 1.060337 2.626029 0.599533 1.162974 1.741704 1.506660 0.688957 0.110937 1.592902 0.671165 1.555424 0.381294 0.203638 1.628728 0.349870 0.769625 0.818953 -0.031065 0.152748 1.226772 
212 2.696246 1.060370 2.626065 0.599565 1.163010 1.741739 1.506677 0.688976 0.110954 1.592910 0.671184 1.555446 0.381313 0.203647 1.628737 0.349887 0.769645 0.818971 -0.031057 0.152757 1.226781 
213 2.696274 1.060402 2.626101 0.599596 1.163045 1.741773 1.506693 0.688994 0.110971 1.592917 0.671203 1.555467 0.381332 0.203655 1.628747 0.349904 0.769664 0.818989 -0.031050 0.152766 1.226789 
214 2.696302 1.060433 2.626136 0.599627 1.163080 1.741806 1.506708 0.689012 0.110987 1.592924 0.671221 1.555488 0.381351 0.203663 1.628756 0.349920 0.769682 0.819006 -0.031042 0.152774 1.226797 
215 2.696329 1.060463 2.626170 0.599656 1.163113 1.741838 1.506724 0.689029 0.111003 1.592931 0.671238 1.555508 0.381369 0.203671 1.628765 0.349936 0.769700 0.819023 -0.031035 0.152782 1.226805 
216 2.696355 1.060493 2.626203 0.599685 1.163146 1.741870 1.506739 0.689046 0.111019 1.592938 0.671256 1.555527 0.381387 0.203679 1.628773 0.349951 0.769718 0.819039 -0.031027 0.152791 1.226812 
217 2.696381 1.060522 2.626236 0.599713 1.163177 1.741901 1.506753 0.689063 0.111034 1.592945 0.671272 1.555546 0.381405 0.203686 1.628782 0.349967 0.769735 0.819055 -0.031020 0.152798 1.226820 
218 2.696406 1.060550 2.626267 0.599741 1.163208 1.741931 1.506767 0.689079 0.111049 1.592952 0.671289 1.555565 0.381421 0.203694 1.628790 0.349981 0.769752 0.819070 -0.031013 0.152806 1.226827 
219 2.696431 1.060577 2.626298 0.599768 1.163239 1.741960 1.506781 0.689095 0.111063 1.592958 0.671305 1.555583 0.381438 0.203701 1.628798 0.349996 0.769768 0.819086 -0.031007 0.152814 1.226834 
220 2.696455 1.060604 2.626328 0.599794 1.163268 1.741989 1.506795 0.689110 0.111078 1.592964 0.671320 1.555601 0.381454 0.203708 1.628806 0.350010 0.769784 0.819100 -0.031000 0.152821 1.226841 
221 2.696478 1.060630 2.626357 0.599820 1.163297 1.742017 1.506808 0.689125 0.111091 1.592970 0.671335 1.555618 0.381470 0.203715 1.628813 0.350023 0.769800 0.819115 -0.030994 0.152828 1.226847 
222 2.696501 1.060656 2.626386 0.599845 1.163325 1.742044 1.506821 0.689140 0.111105 1.592976 0.671350 1.555635 0.381485 0.203722 1.628821 0.350037 0.769815 0.819129 -0.030988 0.152835 1.226854 
223 2.696523 1.060681 2.626414 0.599869 1.163352 1.742071 1.506833 0.689154 0.111118 1.592982 0.671364 1.555651 0.381500 0.203728 1.628828 0.350050 0.769830 0.819143 -0.030982 0.152842 1.226860 
224 2.696545 1.060705 2.626441 0.599893 1.163379 1.742097 1.506846 0.689168 0.111131 1.592988 0.671379 1.555667 0.381515 0.203734 1.628835 0.350062 0.769844 0.819156 -0.030976 0.152849 1.226866 
225 2.696566 1.060729 2.626468 0.599916 1.163405 1.742122 1.506857 0.689182 0.111143 1.592993 0.671392 1.555683 0.381529 0.203741 1.628842 0.350075 0.769859 0.819169 -0.030970 0.152855 1.226873 
226 2.696586 1.060752 2.626494 0.599938 1.163431 1.742147 1.506869 0.689195 0.111155 1.592999 0.671406 1.555698 0.381543 0.203747 1.628849 0.350087 0.769872 0.819182 -0.030964 0.152862 1.226878 
227 2.696607 1.060775 2.626519 0.599960 1.163456 1.742171 1.506881 0.689208 0.111167 1.593004 0.671419 1.555713 0.381557 0.203753 1.628856 0.350099 0.769886 0.819194 -0.030959 0.152868 1.226884 
228 2.696626 1.060797 2.626544 0.599982 1.163480 1.742194 1.506892 0.689221 0.111179 1.593009 0.671432 1.555728 0.381570 0.203758 1.628862 0.350110 0.769899 0.819206 -0.030953 0.152874 1.226890 
229 2.696645 1.060818 2.626568 0.600003 1.163503 1.742217 1.506902 0.689233 0.111190 1.593014 0.671444 1.555742 0.381583 0.203764 1.628868 0.350122 0.769912 0.819218 -0.030948 0.152880 1.226895 
230 2.696664 1.060839 2.626591 0.600023 1.163527 1.742240 1.506913 0.689245 0.111201 1.593019 0.671456 1.555756 0.381595 0.203770 1.628875 0.350133 0.769924 0.819230 -0.030943 0.152886 1.226901 
231 2.696682 1.060860 2.626614 0.600043 1.163549 1.742261 1.506923 0.689257 0.111212 1.593024 0.671468 1.555769 0.381608 0.203775 1.628881 0.350143 0.769936 0.819241 -0.030938 0.152891 1.226906 
232 2.696700 1.060880 2.626637 0.600063 1.163571 1.742283 1.506933 0.689268 0.111223 1.593029 0.671480 1.555783 0.381620 0.203780 1.628886 0.350154 0.769948 0.819252 -0.030933 0.152897 1.226911 
233 2.696717 1.060899 2.626659 0.600082 1.163593 1.742304 1.506943 0.689280 0.111233 1.593033 0.671491 1.555795 0.381631 0.203785 1.628892 0.350164 0.769960 0.819263 -0.030928 0.152902 1.226916 
234 2.696734 1.060918 2.626680 0.600101 1.163613 1.742324 1.506953 0.689290 0.111243 1.593038 0.671502 1.555808 0.381643 0.203790 1.628898 0.350174 0.769971 0.819273 -0.030924 0.152907 1.226921 
235 2.696751 1.060937 2.626701 0.600119 1.163634 1.742344 1.506962 0.689301 0.111253 1.593042 0.671513 1.555820 0.381654 0.203795 1.628903 0.350184 0.769982 0.819283 -0.030919 0.152912 1.226926 
236 2.696767 1.060955 2.626721 0.600136 1.163654 1.742363 1.506971 0.689312 0.111262 1.593046 0.671523 1.555832 0.381665 0.203800 1.628908 0.350193 0.769993 0.819293 -0.030915 0.152917 1.226930 
237 2.696783 1.060973 2.626741 0.600154 1.163673 1.742382 1.506980 0.689322 0.111271 1.593050 0.671533 1.555844 0.381676 0.203805 1.628914 0.350202 0.770004 0.819303 -0.030910 0.152922 1.226935 
238 2.696798 1.060990 2.626760 0.600171 1.163692 1.742400 1.506989 0.689332 0.111281 1.593054 0.671543 1.555855 0.381686 0.203809 1.628919 0.350211 0.770014 0.819313 -0.030906 0.152927 1.226939 
239 2.696813 1.061007 2.626779 0.600187 1.163711 1.742418 1.506997 0.689341 0.111289 1.593058 0.671553 1.555866 0.381696 0.203814 1.628924 0.350220 0.770024 0.819322 -0.030902 0.152932 1.226944 
240 2.696828 1.061023 2.626797 0.600203 1.163729 1.742436 1.507006 0.689351 0.111298 1.593062 0.671563 1.555877 0.381706 0.203818 1.628928 0.350229 0.770034 0.819331 -0.030898 0.152936 1.226948 
241 2.696842 1.061039 2.626815 0.600219 1.163746 1.742453 1.507014 0.689360 0.111306 1.593066 0.671572 1.555888 0.381716 0.203822 1.628933 0.350237 0.770043 0.819340 -0.030894 0.152940 1.226952 
242 2.696856 1.061055 2.626833 0.600234 1.163764 1.742470 1.507022 0.689369 0.111315 1.593069 0.671581 1.555898 0.381725 0.203826 1.628938 0.350245 0.770053 0.819348 -0.030890 0.152945 1.226956 
243 2.696870 1.061070 2.626850 0.600249 1.163780 1.742486 1.507029 0.689378 0.111323 1.593073 0.671590 1.555908 0.381734 0.203830 1.628942 0.350253 0.770062 0.819357 -0.030887 0.152949 1.226960 
244 2.696883 1.061085 2.626867 0.600263 1.163797 1.742502 1.507037 0.689386 0.111331 1.593076 0.671598 1.555918 0.381743 0.203834 1.628947 0.350261 0.770070 0.819365 -0.030883 0.152953 1.226964 
245 2.696896 1.061099 2.626883 0.600278 1.163813 1.742517 1.507044 0.689394 0.111338 1.593080 0.671607 1.555928 0.381752 0.203838 1.628951 0.350269 0.770079 0.819373 -0.030880 0.152957 1.226967 
246 2.696909 1.061114 2.626899 0.600291 1.163828 1.742532 1.507051 0.689403 0.111346 1.593083 0.671615 1.555937 0.381760 0.203842 1.628955 0.350276 0.770088 0.819381 -0.030876 0.152961 1.226971 
247 2.696921 1.061127 2.626914 0.600305 1.163843 1.742547 1.507058 0.689411 0.111353 1.593086 0.671623 1.555946 0.381769 0.203845 1.628959 0.350283 0.770096 0.819388 -0.030873 0.152965 1.226974 
248 2.696933 1.061141 2.626929 0.600318 1.163858 1.742561 1.507065 0.689418 0.111360 1.593089 0.671631 1.555955 0.381777 0.203849 1.628963 0.350290 0.770104 0.819396 -0.030870 0.152968 1.226978 
249 2.696945 1.061154 2.626944 0.600331 1.163873 1.742575 1.507072 0.689426 0.111367 1.593092 0.671639 1.555964 0.381785 0.203852 1.628967 0.350297 0.770112 0.819403 -0.030866 0.152972 1.226981 
250 2.696956 1.061167 2.626959 0.600343 1.163887 1.742589 1.507078 0.689433 0.111374 1.593095 0.671646 1.555972 0.381792 0.203856 1.628971 0.350304 0.770119 0.819410 -0.030863 0.152976 1.226985 
251 2.696967 1.061179 2.626973 0.600356 1.163901 1.742603 1.507084 0.689440 0.111380 1.593098 0.671653 1.555980 0.381800 0.203859 1.628974 0.350310 0.770127 0.819417 -0.030860 0.152979 1.226988 
252 2.696978 1.061192 2.626986 0.600368 1.163914 1.742616 1.507091 0.689447 0.111387 1.593101 0.671660 1.555988 0.381807 0.203862 1.628978 0.350317 0.770134 0.819424 -0.030857 0.152982 1.226991 
253 2.696989 1.061204 2.627000 0.600379 1.163927 1.742628 1.507097 0.689454 0.111393 1.593104 0.671667 1.555996 0.381814 0.203865 1.628981 0.350323 0.770141 0.819430 -0.030854 0.152986 1.226994 
254 2.696999 1.061215 2.627013 0.600391 1.163940 1.742641 1.507103 0.689461 0.111399 1.593107 0.671674 1.556004 0.381821 0.203868 1.628985 0.350329 0.770148 0.819437 -0.030851 0.152989 1.226997 
255 2.697009 1.061227 2.627026 0.600402 1.163953 1.742653 1.507108 0.689467 0.111405 1.593109 0.671681 1.556011 0.381828 0.203871 1.628988 0.350335 0.770155 0.819443 -0.030849 0.152992 1.227000 
256 2.697019 1.061238 2.627038 0.600413 1.163965 1.742665 1.507114 0.689474 0.111411 1.593112 0.671687 1.556019 0.381835 0.203874 1.628991 0.350341 0.770161 0.819449 -0.030846 0.152995 1.227003 
257 2.697029 1.061249 2.627050 0.600423 1.163977 1.742676 1.507119 0.689480 0.111417 1.593115 0.671693 1.556026 0.381841 0.203877 1.628994 0.350346 0.770168 0.819455 -0.030843 0.152998 1.227005 
258 2.697038 1.061259 2.627062 0.600433 1.163988 1.742688 1.507125 0.689486 0.111422 1.593117 0.671699 1.556033 0.381848 0.203880 1.628998 0.350352 0.770174 0.819461 -0.030841 0.153001 1.227008 
259 2.697047 1.061269 2.627073 0.600443 1.164000 1.742699 1.507130 0.689492 0.111428 1.593119 0.671705 1.556040 0.381854 0.203882 1.629001 0.350357 0.770180 0.819467 -0.030838 0.153004 1.227011 
260 2.697056 1.061279 2.627085 0.600453 1.164011 1.742709 1.507135 0.689498 0.111433 1.593122 0.671711 1.556046 0.381860 0.203885 1.629003 0.350363 0.770186 0.819472 -0.030836 0.153006 1.227013 
261 2.697065 1.061289 2.627096 0.600463 1.164021 1.742720 1.507140 0.689503 0.111438 1.593124 0.671717 1.556053 0.381866 0.203888 1.629006 0.350368 0.770192 0.819477 -0.030833 0.153009 1.227016 
262 2.697074 1.061299 2.627106 0.600472 1.164032 1.742730 1.507145 0.689509 0.111443 1.593126 0.671722 1.556059 0.381872 0.203890 1.629009 0.350373 0.770198 0.819483 -0.030831 0.153012 1.227018 
263 2.697082 1.061308 2.627117 0.600481 1.164042 1.742740 1.507149 0.689514 0.111448 1.593128 0.671728 1.556065 0.381877 0.203893 1.629012 0.350378 0.770203 0.819488 -0.030829 0.153014 1.227021 
264 2.697090 1.061317 2.627127 0.600490 1.164052 1.742750 1.507154 0.689519 0.111453 1.593131 0.671733 1.556071 0.381883 0.203895 1.629015 0.350382 0.770209 0.819493 -0.030827 0.153017 1.227023 
265 2.697098 1.061326 2.627137 0.600499 1.164062 1.742759 1.507158 0.689525 0.111457 1.593133 0.671738 1.556077 0.381888 0.203897 1.629017 0.350387 0.770214 0.819498 -0.030824 0.153019 1.227025 
266 2.697106 1.061335 2.627147 0.600507 1.164072 1.742768 1.507163 0.689529 0.111462 1.593135 0.671743 1.556083 0.381893 0.203900 1.629020 0.350392 0.770219 0.819503 -0.030822 0.153022 1.227027 
267 2.697113 1.061343 2.627156 0.600516 1.164081 1.742777 1.507167 0.689534 0.111467 1.593137 0.671748 1.556088 0.381898 0.203902 1.629022 0.350396 0.770224 0.819507 -0.030820 0.153024 1.227030 
268 2.697121 1.061352 2.627165 0.600524 1.164090 1.742786 1.507171 0.689539 0.111471 1.593139 0.671753 1.556094 0.381903 0.203904 1.629025 0.350400 0.770229 0.819512 -0.030818 0.153026 1.227032 
269 2.697128 1.061360 2.627175 0.600531 1.164099 1.742795 1.507175 0.689544 0.111475 1.593140 0.671758 1.556099 0.381908 0.203906 1.629027 0.350405 0.770234 0.819516 -0.030816 0.153028 1.227034 
270 2.697135 1.061367 2.627183 0.600539 1.164107 1.742803 1.507179 0.689548 0.111479 1.593142 0.671762 1.556104 0.381913 0.203908 1.629029 0.350409 0.770239 0.819521 -0.030814 0.153031 1.227036 
271 2.697142 1.061375 2.627192 0.600547 1.164116 1.742811 1.507183 0.689553 0.111483 1.593144 0.671766 1.556109 0.381917 0.203910 1.629031 0.350413 0.770243 0.819525 -0.030812 0.153033 1.227038 
272 2.697148 1.061383 2.627200 0.600554 1.164124 1.742819 1.507187 0.689557 0.111487 1.593146 0.671771 1.556114 0.381922 0.203912 1.629034 0.350417 0.770248 0.819529 -0.030811 0.153035 1.227040 
273 2.697155 1.061390 2.627208 0.600561 1.164132 1.742827 1.507191 0.689561 0.111491 1.593147 0.671775 1.556119 0.381926 0.203914 1.629036 0.350420 0.770252 0.819533 -0.030809 0.153037 1.227042 
274 2.697161 1.061397 2.627216 0.600568 1.164140 1.742835 1.507194 0.689565 0.111495 1.593149 0.671779 1.556124 0.381931 0.203916 1.629038 0.350424 0.770256 0.819537 -0.030807 0.153039 1.227043 
275 2.697167 1.061404 2.627224 0.600575 1.164148 1.742842 1.507198 0.689569 0.111498 1.593151 0.671783 1.556129 0.381935 0.203918 1.629040 0.350428 0.770260 0.819541 -0.030805 0.153041 1.227045 
276 2.697173 1.061411 2.627232 0.600581 1.164155 1.742849 1.507201 0.689573 0.111502 1.593152 0.671787 1.556133 0.381939 0.203919 1.629042 0.350431 0.770264 0.819544 -0.030804 0.153042 1.227047 
277 2.697179 1.061417 2.627239 0.600588 1.164162 1.742856 1.507204 0.689577 0.111506 1.593154 0.671791 1.556137 0.381943 0.203921 1.629044 0.350435 0.770268 0.819548 -0.030802 0.153044 1.227049 
278 2.697185 1.061424 2.627247 0.600594 1.164169 1.742863 1.507208 0.689581 0.111509 1.593155 0.671795 1.556142 0.381947 0.203923 1.629046 0.350438 0.770272 0.819552 -0.030801 0.153046 1.227050 
279 2.697191 1.061430 2.627254 0.600600 1.164176 1.742870 1.507211 0.689584 0.111512 1.593157 0.671798 1.556146 0.381951 0.203925 1.629048 0.350441 0.770276 0.819555 -0.030799 0.153048 1.227052 
280 2.697196 1.061436 2.627260 0.600606 1.164183 1.742877 1.507214 0.689588 0.111515 1.593158 0.671802 1.556150 0.381954 0.203926 1.629049 0.350445 0.770280 0.819558 -0.030798 0.153049 1.227053 
281 2.697202 1.061442 2.627267 0.600612 1.164190 1.742883 1.507217 0.689591 0.111519 1.593160 0.671805 1.556154 0.381958 0.203928 1.629051 0.350448 0.770283 0.819562 -0.030796 0.153051 1.227055 
282 2.697207 1.061448 2.627274 0.600618 1.164196 1.742889 1.507220 0.689595 0.111522 1.593161 0.671809 1.556158 0.381961 0.203929 1.629053 0.350451 0.770287 0.819565 -0.030795 0.153053 1.227056 
283 2.697212 1.061454 2.627280 0.600624 1.164202 1.742895 1.507223 0.689598 0.111525 1.593162 0.671812 1.556161 0.381965 0.203931 1.629055 0.350454 0.770290 0.819568 -0.030793 0.153054 1.227058 
284 2.697217 1.061459 2.627286 0.600629 1.164209 1.742901 1.507226 0.689601 0.111528 1.593164 0.671815 1.556165 0.381968 0.203932 1.629056 0.350457 0.770293 0.819571 -0.030792 0.153056 1.227059 
285 2.697222 1.061465 2.627293 0.600634 1.164215 1.742907 1.507228 0.689604 0.111531 1.593165 0.671818 1.556169 0.381971 0.203934 1.629058 0.350460 0.770297 0.819574 -0.030791 0.153057 1.227061 
286 2.697226 1.061470 2.627298 0.600639 1.164220 1.742913 1.507231 0.689607 0.111533 1.593166 0.671822 1.556172 0.381975 0.203935 1.629059 0.350462 0.770300 0.819577 -0.030789 0.153059 1.227062 
287 2.697231 1.061475 2.627304 0.600645 1.164226 1.742918 1.507234 0.689610 0.111536 1.593167 0.671825 1.556176 0.381978 0.203936 1.629061 0.350465 0.770303 0.819580 -0.030788 0.153060 1.227063 
288 2.697236 1.061480 2.627310 0.600649 1.164232 1.742924 1.507236 0.689613 0.111539 1.593169 0.671827 1.556179 0.381981 0.203938 1.629062 0.350468 0.770306 0.819583 -0.030787 0.153062 1.227065 
289 2.697240 1.061485 2.627315 0.600654 1.164237 1.742929 1.507239 0.689616 0.111541 1.593170 0.671830 1.556182 0.381984 0.203939 1.629064 0.350470 0.770309 0.819585 -0.030786 0.153063 1.227066 
290 2.697244 1.061490 2.627321 0.600659 1.164242 1.742934 1.507241 0.689619 0.111544 1.593171 0.671833 1.556185 0.381987 0.203940 1.629065 0.350473 0.770312 0.819588 -0.030784 0.153064 1.227067 
291 2.697248 1.061495 2.627326 0.600664 1.164248 1.742939 1.507243 0.689621 0.111546 1.593172 0.671836 1.556188 0.381989 0.203941 1.629067 0.350475 0.770314 0.819591 -0.030783 0.153066 1.227068 
292 2.697253 1.061499 2.627331 0.600668 1.164253 1.742944 1.507246 0.689624 0.111549 1.593173 0.671838 1.556192 0.381992 0.203943 1.629068 0.350478 0.770317 0.819593 -0.030782 0.153067 1.227070 
293 2.697256 1.061504 2.627336 0.600672 1.164257 1.742949 1.507248 0.689627 0.111551 1.593174 0.671841 1.556194 0.381995 0.203944 1.629069 0.350480 0.770320 0.819596 -0.030781 0.153068 1.227071 
294 2.697260 1.061508 2.627341 0.600677 1.164262 1.742953 1.507250 0.689629 0.111553 1.593175 0.671844 1.556197 0.381997 0.203945 1.629070 0.350482 0.770322 0.819598 -0.030780 0.153069 1.227072 
295 2.697264 1.061513 2.627346 0.600681 1.164267 1.742958 1.507252 0.689631 0.111556 1.593176 0.671846 1.556200 0.382000 0.203946 1.629072 0.350484 0.770325 0.819600 -0.030779 0.153070 1.227073 
296 2.697268 1.061517 2.627351 0.600685 1.164272 1.742962 1.507254 0.689634 0.111558 1.593177 0.671848 1.556203 0.382003 0.203947 1.629073 0.350487 0.770327 0.819603 -0.030778 0.153071 1.227074 
297 2.697271 1.061521 2.627355 0.600689 1.164276 1.742967 1.507256 0.689636 0.111560 1.593178 0.671851 1.556206 0.382005 0.203948 1.629074 0.350489 0.770330 0.819605 -0.030777 0.153073 1.227075 
298 2.697275 1.061525 2.627360 0.600693 1.164280 1.742971 1.507258 0.689638 0.111562 1.593179 0.671853 1.556208 0.382007 0.203949 1.629075 0.350491 0.770332 0.819607 -0.030776 0.153074 1.227076 
299 2.697278 1.061529 2.627364 0.600696 1.164285 1.742975 1.507260 0.689641 0.111564 1.593180 0.671855 1.556211 0.382010 0.203950 1.629076 0.350493 0.770334 0.819609 -0.030775 0.153075 1.227077 
300 2.697282 1.061532 2.627368 0.600700 1.164289 1.742979 1.507262 0.689643 0.111566 1.593181 0.671858 1.556213 0.382012 0.203951 1.629077 0.350495 0.770337 0.819611 -0.030774 0.153076 1.227078 
301 2.697285 1.061536 2.627372 0.600704 1.164293 1.742983 1.507264 0.689645 0.111568 1.593182 0.671860 1.556216 0.382014 0.203952 1.629079 0.350497 0.770339 0.819613 -0.030773 0.153077 1.227079 
302 2.697288 1.061540 2.627376 0.600707 1.164297 1.742987 1.507266 0.689647 0.111570 1.593182 0.671862 1.556218 0.382016 0.203953 1.629080 0.350499 0.770341 0.819615 -0.030772 0.153078 1.227080 
303 2.697291 1.061543 2.627380 0.600711 1.164301 1.742990 1.507268 0.689649 0.111572 1.593183 0.671864 1.556220 0.382018 0.203954 1.629081 0.350500 0.770343 0.819617 -0.030772 0.153079 1.227081 
304 2.697294 1.061547 2.627384 0.600714 1.164304 1.742994 1.507269 0.689651 0.111573 1.593184 0.671866 1.556223 0.382020 0.203955 1.629082 0.350502 0.770345 0.819619 -0.030771 0.153080 1.227082 
305 2.697297 1.061550 2.627388 0.600717 1.164308 1.742998 1.507271 0.689653 0.111575 1.593185 0.671868 1.556225 0.382022 0.203956 1.629083 0.350504 0.770347 0.819621 -0.030770 0.153081 1.227082 
306 2.697300 1.061553 2.627391 0.600720 1.164312 1.743001 1.507273 0.689655 0.111577 1.593185 0.671870 1.556227 0.382024 0.203957 1.629084 0.350506 0.770349 0.819623 -0.030769 0.153081 1.227083 
307 2.697303 1.061556 2.627395 0.600723 1.164315 1.743005 1.507274 0.689657 0.111579 1.593186 0.671871 1.556229 0.382026 0.203958 1.629084 0.350507 0.770351 0.819624 -0.030768 0.153082 1.227084 
308 2.697306 1.061559 2.627398 0.600726 1.164318 1.743008 1.507276 0.689658 0.111580 1.593187 0.671873 1.556231 0.382028 0.203958 1.629085 0.350509 0.770353 0.819626 -0.030768 0.153083 1.227085 
309 2.697309 1.061562 2.627402 0.600729 1.164322 1.743011 1.507277 0.689660 0.111582 1.593188 0.671875 1.556233 0.382030 0.203959 1.629086 0.350510 0.770355 0.819628 -0.030767 0.153084 1.227086 
310 2.697311 1.061565 2.627405 0.600732 1.164325 1.743014 1.507279 0.689662 0.111583 1.593188 0.671877 1.556235 0.382032 0.203960 1.629087 0.350512 0.770356 0.819629 -0.030766 0.153085 1.227086 
311 2.697314 1.061568 2.627408 0.600735 1.164328 1.743017 1.507280 0.689663 0.111585 1.593189 0.671878 1.556237 0.382033 0.203961 1.629088 0.350514 0.770358 0.819631 -0.030765 0.153086 1.227087 
312 2.697316 1.061571 2.627411 0.600738 1.164331 1.743020 1.507282 0.689665 0.111586 1.593190 0.671880 1.556239 0.382035 0.203961 1.629089 0.350515 0.770360 0.819633 -0.030765 0.153086 1.227088 
313 2.697319 1.061574 2.627414 0.600741 1.164334 1.743023 1.507283 0.689667 0.111588 1.593190 0.671881 1.556241 0.382037 0.203962 1.629090 0.350516 0.770361 0.819634 -0.030764 0.153087 1.227089 
314 2.697321 1.061576 2.627417 0.600743 1.164337 1.743026 1.507284 0.689668 0.111589 1.593191 0.671883 1.556242 0.382038 0.203963 1.629090 0.350518 0.770363 0.819636 -0.030764 0.153088 1.227089 
315 2.697323 1.061579 2.627420 0.600746 1.164340 1.743029 1.507286 0.689670 0.111591 1.593192 0.671885 1.556244 0.382040 0.203964 1.629091 0.350519 0.770364 0.819637 -0.030763 0.153089 1.227090 
316 2.697326 1.061582 2.627423 0.600748 1.164343 1.743032 1.507287 0.689671 0.111592 1.593192 0.671886 1.556246 0.382041 0.203964 1.629092 0.350521 0.770366 0.819638 -0.030762 0.153089 1.227091 
317 2.697328 1.061584 2.627426 0.600751 1.164346 1.743034 1.507288 0.689672 0.111593 1.593193 0.671887 1.556247 0.382043 0.203965 1.629093 0.350522 0.770367 0.819640 -0.030762 0.153090 1.227091 
318 2.697330 1.061586 2.627429 0.600753 1.164348 1.743037 1.507290 0.689674 0.111594 1.593193 0.671889 1.556249 0.382044 0.203965 1.629093 0.350523 0.770369 0.819641 -0.030761 0.153091 1.227092 
319 2.697332 1.061589 2.627431 0.600755 1.164351 1.743039 1.507291 0.689675 0.111596 1.593194 0.671890 1.556250 0.382046 0.203966 1.629094 0.350524 0.770370 0.819642 -0.030760 0.153091 1.227092 
320 2.697334 1.061591 2.627434 0.600757 1.164353 1.743042 1.507292 0.689677 0.111597 1.593194 0.671892 1.556252 0.382047 0.203967 1.629095 0.350526 0.770372 0.819644 -0.030760 0.153092 1.227093 
321 2.697336 1.061593 2.627437 0.600760 1.164356 1.743044 1.507293 0.689678 0.111598 1.593195 0.671893 1.556253 0.382049 0.203967 1.629095 0.350527 0.770373 0.819645 -0.030759 0.153093 1.227094 
322 2.697338 1.061596 2.627439 0.600762 1.164358 1.743046 1.507294 0.689679 0.111599 1.593195 0.671894 1.556255 0.382050 0.203968 1.629096 0.350528 0.770374 0.819646 -0.030759 0.153093 1.227094 
323 2.697340 1.061598 2.627441 0.600764 1.164361 1.743049 1.507295 0.689680 0.111600 1.593196 0.671895 1.556256 0.382051 0.203968 1.629097 0.350529 0.770376 0.819647 -0.030758 0.153094 1.227095 
324 2.697342 1.061600 2.627444 0.600766 1.164363 1.743051 1.507296 0.689682 0.111601 1.593196 0.671897 1.556258 0.382052 0.203969 1.629097 0.350530 0.770377 0.819648 -0.030758 0.153094 1.227095 
325 2.697344 1.061602 2.627446 0.600768 1.164365 1.743053 1.507297 0.689683 0.111603 1.593197 0.671898 1.556259 0.382054 0.203970 1.629098 0.350531 0.770378 0.819650 -0.030757 0.153095 1.227096 
326 2.697346 1.061604 2.627448 0.600770 1.164367 1.743055 1.507298 0.689684 0.111604 1.593197 0.671899 1.556260 0.382055 0.203970 1.629098 0.350532 0.770379 0.819651 -0.030757 0.153095 1.227096 
327 2.697347 1.061606 2.627450 0.600772 1.164369 1.743057 1.507299 0.689685 0.111605 1.593198 0.671900 1.556262 0.382056 0.203971 1.629099 0.350533 0.770380 0.819652 -0.030756 0.153096 1.227097 
328 2.697349 1.061608 2.627453 0.600774 1.164372 1.743059 1.507300 0.689686 0.111606 1.593198 0.671901 1.556263 0.382057 0.203971 1.629100 0.350534 0.770382 0.819653 -0.030756 0.153096 1.227097 
329 2.697351 1.061610 2.627455 0.600775 1.164374 1.743061 1.507301 0.689687 0.111607 1.593199 0.671902 1.556264 0.382058 0.203972 1.629100 0.350535 0.770383 0.819654 -0.030755 0.153097 1.227098 
330 2.697352 1.061611 2.627457 0.600777 1.164376 1.743063 1.507302 0.689688 0.111608 1.593199 0.671903 1.556265 0.382059 0.203972 1.629101 0.350536 0.770384 0.819655 -0.030755 0.153097 1.227098 
331 2.697354 1.061613 2.627459 0.600779 1.164377 1.743065 1.507303 0.689689 0.111608 1.593199 0.671904 1.556266 0.382060 0.203972 1.629101 0.350537 0.770385 0.819656 -0.030755 0.153098 1.227099 
332 2.697355 1.061615 2.627461 0.600781 1.164379 1.743067 1.507304 0.689690 0.111609 1.593200 0.671905 1.556268 0.382061 0.203973 1.629102 0.350538 0.770386 0.819657 -0.030754 0.153098 1.227099 
333 2.697357 1.061616 2.627462 0.600782 1.164381 1.743069 1.507305 0.689691 0.111610 1.593200 0.671906 1.556269 0.382062 0.203973 1.629102 0.350539 0.770387 0.819658 -0.030754 0.153099 1.227099 
334 2.697358 1.061618 2.627464 0.600784 1.164383 1.743070 1.507305 0.689692 0.111611 1.593201 0.671907 1.556270 0.382063 0.203974 1.629103 0.350540 0.770388 0.819658 -0.030753 0.153099 1.227100 
335 2.697360 1.061620 2.627466 0.600785 1.164385 1.743072 1.507306 0.689693 0.111612 1.593201 0.671908 1.556271 0.382064 0.203974 1.629103 0.350540 0.770389 0.819659 -0.030753 0.153100 1.227100 
336 2.697361 1.061621 2.627468 0.600787 1.164386 1.743074 1.507307 0.689694 0.111613 1.593201 0.671909 1.556272 0.382065 0.203975 1.629104 0.350541 0.770390 0.819660 -0.030753 0.153100 1.227101 
337 2.697362 1.061623 2.627469 0.600788 1.164388 1.743075 1.507308 0.689695 0.111614 1.593202 0.671910 1.556273 0.382066 0.203975 1.629104 0.350542 0.770391 0.819661 -0.030752 0.153101 1.227101 
338 2.697364 1.061624 2.627471 0.600790 1.164390 1.743077 1.507309 0.689696 0.111614 1.593202 0.671911 1.556274 0.382067 0.203975 1.629104 0.350543 0.770391 0.819662 -0.030752 0.153101 1.227101 
339 2.697365 1.061626 2.627473 0.600791 1.164391 1.743079 1.507309 0.689696 0.111615 1.593202 0.671912 1.556275 0.382068 0.203976 1.629105 0.350544 0.770392 0.819663 -0.030752 0.153101 1.227102 
340 2.697366 1.061627 2.627474 0.600793 1.164393 1.743080 1.507310 0.689697 0.111616 1.593203 0.671912 1.556276 0.382069 0.203976 1.629105 0.350544 0.770393 0.819663 -0.030751 0.153102 1.227102 
341 2.697368 1.061629 2.627476 0.600794 1.164394 1.743082 1.507311 0.689698 0.111617 1.593203 0.671913 1.556277 0.382070 0.203977 1.629106 0.350545 0.770394 0.819664 -0.030751 0.153102 1.227103 
342 2.697369 1.061630 2.627477 0.600795 1.164396 1.743083 1.507311 0.689699 0.111617 1.593203 0.671914 1.556278 0.382070 0.203977 1.629106 0.350546 0.770395 0.819665 -0.030750 0.153103 1.227103 
343 2.697370 1.061631 2.627479 0.600797 1.164397 1.743084 1.507312 0.689699 0.111618 1.593204 0.671915 1.556278 0.382071 0.203977 1.629106 0.350546 0.770395 0.819666 -0.030750 0.153103 1.227103 
344 2.697371 1.061632 2.627480 0.600798 1.164399 1.743086 1.507313 0.689700 0.111619 1.593204 0.671915 1.556279 0.382072 0.203978 1.629107 0.350547 0.770396 0.819666 -0.030750 0.153103 1.227104 
345 2.697372 1.061634 2.627482 0.600799 1.164400 1.743087 1.507313 0.689701 0.111619 1.593204 0.671916 1.556280 0.382073 0.203978 1.629107 0.350548 0.770397 0.819667 -0.030750 0.153104 1.227104 
346 2.697373 1.061635 2.627483 0.600800 1.164401 1.743088 1.507314 0.689702 0.111620 1.593205 0.671917 1.556281 0.382074 0.203978 1.629107 0.350548 0.770398 0.819668 -0.030749 0.153104 1.227104 
347 2.697374 1.061636 2.627484 0.600801 1.164403 1.743090 1.507315 0.689702 0.111621 1.593205 0.671918 1.556282 0.382074 0.203979 1.629108 0.350549 0.770398 0.819668 -0.030749 0.153104 1.227104 
348 2.697375 1.061637 2.627486 0.600802 1.164404 1.743091 1.507315 0.689703 0.111621 1.593205 0.671918 1.556282 0.382075 0.203979 1.629108 0.350550 0.770399 0.819669 -0.030749 0.153105 1.227105 
349 2.697376 1.061638 2.627487 0.600804 1.164405 1.743092 1.507316 0.689704 0.111622 1.593205 0.671919 1.556283 0.382076 0.203979 1.629109 0.350550 0.770400 0.819670 -0.030748 0.153105 1.227105 
350 2.697377 1.061640 2.627488 0.600805 1.164406 1.743093 1.507316 0.689704 0.111622 1.593206 0.671920 1.556284 0.382076 0.203979 1.629109 0.350551 0.770400 0.819670 -0.030748 0.153105 1.227105 
351 2.697378 1.061641 2.627489 0.600806 1.164408 1.743094 1.507317 0.689705 0.111623 1.593206 0.671920 1.556285 0.382077 0.203980 1.629109 0.350551 0.770401 0.819671 -0.030748 0.153105 1.227106 
352 2.697379 1.061642 2.627491 0.600807 1.164409 1.743096 1.507317 0.689705 0.111623 1.593206 0.671921 1.556285 0.382078 0.203980 1.629109 0.350552 0.770402 0.819671 -0.030748 0.153106 1.227106 
353 2.697380 1.061643 2.627492 0.600808 1.164410 1.743097 1.507318 0.689706 0.111624 1.593206 0.671921 1.556286 0.382078 0.203980 1.629110 0.350552 0.770402 0.819672 -0.030747 0.153106 1.227106 
354 2.697381 1.061644 2.627493 0.600809 1.164411 1.743098 1.507318 0.689707 0.111625 1.593207 0.671922 1.556287 0.382079 0.203980 1.629110 0.350553 0.770403 0.819672 -0.030747 0.153106 1.227106 
355 2.697382 1.061645 2.627494 0.600810 1.164412 1.743099 1.507319 0.689707 0.111625 1.593207 0.671923 1.556287 0.382079 0.203981 1.629110 0.350553 0.770404 0.819673 -0.030747 0.153107 1.227107 
356 2.697383 1.061646 2.627495 0.600811 1.164413 1.743100 1.507319 0.689708 0.111626 1.593207 0.671923 1.556288 0.382080 0.203981 1.629111 0.350554 0.770404 0.819674 -0.030747 0.153107 1.227107 
357 2.697384 1.061647 2.627496 0.600812 1.164414 1.743101 1.507320 0.689708 0.111626 1.593207 0.671924 1.556289 0.382080 0.203981 1.629111 0.350554 0.770405 0.819674 -0.030746 0.153107 1.227107 
358 2.697384 1.061647 2.627497 0.600812 1.164415 1.743102 1.507320 0.689709 0.111627 1.593207 0.671924 1.556289 0.382081 0.203981 1.629111 0.350555 0.770405 0.819675 -0.030746 0.153107 1.227107 
359 2.697385 1.061648 2.627498 0.600813 1.164416 1.743103 1.507321 0.689709 0.111627 1.593208 0.671925 1.556290 0.382082 0.203982 1.629111 0.350555 0.770406 0.819675 -0.030746 0.153108 1.227108 
360 2.697386 1.061649 2.627499 0.600814 1.164417 1.743104 1.507321 0.689710 0.111627 1.593208 0.671925 1.556290 0.382082 0.203982 1.629112 0.350556 0.770406 0.819676 -0.030746 0.153108 1.227108 
361 2.697387 1.061650 2.627500 0.600815 1.164418 1.743104 1.507322 0.689710 0.111628 1.593208 0.671926 1.556291 0.382083 0.203982 1.629112 0.350556 0.770407 0.819676 -0.030746 0.153108 1.227108 
362 2.697387 1.061651 2.627501 0.600816 1.164419 1.743105 1.507322 0.689711 0.111628 1.593208 0.671926 1.556291 0.382083 0.203982 1.629112 0.350557 0.770407 0.819676 -0.030745 0.153108 1.227108 
363 2.697388 1.061652 2.627502 0.600817 1.164420 1.743106 1.507322 0.689711 0.111629 1.593208 0.671927 1.556292 0.382084 0.203983 1.629112 0.350557 0.770408 0.819677 -0.030745 0.153108 1.227108 
364 2.697389 1.061652 2.627503 0.600817 1.164421 1.743107 1.507323 0.689712 0.111629 1.593209 0.671927 1.556292 0.382084 0.203983 1.629113 0.350558 0.770408 0.819677 -0.030745 0.153109 1.227109 
365 2.697389 1.061653 2.627503 0.600818 1.164422 1.743108 1.507323 0.689712 0.111630 1.593209 0.671927 1.556293 0.382084 0.203983 1.629113 0.350558 0.770409 0.819678 -0.030745 0.153109 1.227109 
366 2.697390 1.061654 2.627504 0.600819 1.164422 1.743109 1.507323 0.689713 0.111630 1.593209 0.671928 1.556293 0.382085 0.203983 1.629113 0.350558 0.770409 0.819678 -0.030745 0.153109 1.227109 
367 2.697391 1.061655 2.627505 0.600819 1.164423 1.743109 1.507324 0.689713 0.111630 1.593209 0.671928 1.556294 0.382085 0.203983 1.629113 0.350559 0.770409 0.819679 -0.030744 0.153109 1.227109 
368 2.697391 1.061655 2.627506 0.600820 1.164424 1.743110 1.507324 0.689713 0.111631 1.593209 0.671929 1.556294 0.382086 0.203984 1.629113 0.350559 0.770410 0.819679 -0.030744 0.153110 1.227109 
369 2.697392 1.061656 2.627507 0.600821 1.164425 1.743111 1.507325 0.689714 0.111631 1.593209 0.671929 1.556295 0.382086 0.203984 1.629114 0.350559 0.770410 0.819679 -0.030744 0.153110 1.227110 
370 2.697393 1.061657 2.627507 0.600821 1.164425 1.743112 1.507325 0.689714 0.111631 1.593210 0.671930 1.556295 0.382087 0.203984 1.629114 0.350560 0.770411 0.819680 -0.030744 0.153110 1.227110 
371 2.697393 1.061657 2.627508 0.600822 1.164426 1.743112 1.507325 0.689715 0.111632 1.593210 0.671930 1.556296 0.382087 0.203984 1.629114 0.350560 0.770411 0.819680 -0.030744 0.153110 1.227110 
372 2.697394 1.061658 2.627509 0.600823 1.164427 1.743113 1.507326 0.689715 0.111632 1.593210 0.671930 1.556296 0.382087 0.203984 1.629114 0.350560 0.770411 0.819680 -0.030744 0.153110 1.227110 
373 2.697394 1.061659 2.627510 0.600823 1.164428 1.743114 1.507326 0.689715 0.111632 1.593210 0.671931 1.556297 0.382088 0.203984 1.629114 0.350561 0.770412 0.819681 -0.030743 0.153110 1.227110 
374 2.697395 1.061659 2.627510 0.600824 1.164428 1.743114 1.507326 0.689716 0.111633 1.593210 0.671931 1.556297 0.382088 0.203985 1.629115 0.350561 0.770412 0.819681 -0.030743 0.153111 1.227110 
375 2.697395 1.061660 2.627511 0.600825 1.164429 1.743115 1.507326 0.689716 0.111633 1.593210 0.671931 1.556297 0.382088 0.203985 1.629115 0.350561 0.770413 0.819681 -0.030743 0.153111 1.227111 
376 2.697396 1.061660 2.627512 0.600825 1.164430 1.743116 1.507327 0.689716 0.111633 1.593211 0.671932 1.556298 0.382089 0.203985 1.629115 0.350562 0.770413 0.819682 -0.030743 0.153111 1.227111 
377 2.697396 1.061661 2.627512 0.600826 1.164430 1.743116 1.507327 0.689717 0.111634 1.593211 0.671932 1.556298 0.382089 0.203985 1.629115 0.350562 0.770413 0.819682 -0.030743 0.153111 1.227111 
378 2.697397 1.061662 2.627513 0.600826 1.164431 1.743117 1.507327 0.689717 0.111634 1.593211 0.671932 1.556298 0.382090 0.203985 1.629115 0.350562 0.770414 0.819682 -0.030743 0.153111 1.227111 
379 2.697397 1.061662 2.627514 0.600827 1.164431 1.743117 1.507328 0.689717 0.111634 1.593211 0.671933 1.556299 0.382090 0.203985 1.629115 0.350563 0.770414 0.819683 -0.030743 0.153111 1.227111 
380 2.697398 1.061663 2.627514 0.600827 1.164432 1.743118 1.507328 0.689718 0.111635 1.593211 0.671933 1.556299 0.382090 0.203985 1.629116 0.350563 0.770414 0.819683 -0.030743 0.153112 1.227111 
381 2.697398 1.061663 2.627515 0.600828 1.164432 1.743119 1.507328 0.689718 0.111635 1.593211 0.671933 1.556300 0.382090 0.203986 1.629116 0.350563 0.770415 0.819683 -0.030742 0.153112 1.227111 
382 2.697399 1.061664 2.627515 0.600828 1.164433 1.743119 1.507328 0.689718 0.111635 1.593211 0.671934 1.556300 0.382091 0.203986 1.629116 0.350563 0.770415 0.819684 -0.030742 0.153112 1.227111 
383 2.697399 1.061664 2.627516 0.600829 1.164434 1.743120 1.507329 0.689718 0.111635 1.593211 0.671934 1.556300 0.382091 0.203986 1.629116 0.350564 0.770415 0.819684 -0.030742 0.153112 1.227112 
384 2.697400 1.061665 2.627516 0.600829 1.164434 1.743120 1.507329 0.689719 0.111636 1.593211 0.671934 1.556300 0.382091 0.203986 1.629116 0.350564 0.770415 0.819684 -0.030742 0.153112 1.227112 
385 2.697400 1.061665 2.627517 0.600830 1.164435 1.743121 1.507329 0.689719 0.111636 1.593212 0.671934 1.556301 0.382092 0.203986 1.629116 0.350564 0.770416 0.819684 -0.030742 0.153112 1.227112 
386 2.697401 1.061666 2.627517 0.600830 1.164435 1.743121 1.507329 0.689719 0.111636 1.593212 0.671935 1.556301 0.382092 0.203986 1.629116 0.350564 0.770416 0.819685 -0.030742 0.153112 1.227112 
387 2.697401 1.061666 2.627518 0.600831 1.164436 1.743122 1.507330 0.689719 0.111636 1.593212 0.671935 1.556301 0.382092 0.203986 1.629117 0.350565 0.770416 0.819685 -0.030742 0.153112 1.227112 
388 2.697401 1.061666 2.627518 0.600831 1.164436 1.743122 1.507330 0.689720 0.111637 1.593212 0.671935 1.556302 0.382092 0.203986 1.629117 0.350565 0.770416 0.819685 -0.030742 0.153113 1.227112 
389 2.697402 1.061667 2.627519 0.600831 1.164437 1.743122 1.507330 0.689720 0.111637 1.593212 0.671935 1.556302 0.382093 0.203987 1.629117 0.350565 0.770417 0.819685 -0.030741 0.153113 1.227112 
390 2.697402 1.061667 2.627519 0.600832 1.164437 1.743123 1.507330 0.689720 0.111637 1.593212 0.671936 1.556302 0.382093 0.203987 1.629117 0.350565 0.770417 0.819686 -0.030741 0.153113 1.227112 
391 2.697402 1.061668 2.627520 0.600832 1.164437 1.743123 1.507330 0.689720 0.111637 1.593212 0.671936 1.556302 0.382093 0.203987 1.629117 0.350565 0.770417 0.819686 -0.030741 0.153113 1.227113 
392 2.697403 1.061668 2.627520 0.600833 1.164438 1.743124 1.507331 0.689721 0.111637 1.593212 0.671936 1.556303 0.382093 0.203987 1.629117 0.350566 0.770417 0.819686 -0.030741 0.153113 1.227113 
393 2.697403 1.061668 2.627521 0.600833 1.164438 1.743124 1.507331 0.689721 0.111638 1.593212 0.671936 1.556303 0.382094 0.203987 1.629117 0.350566 0.770418 0.819686 -0.030741 0.153113 1.227113 
394 2.697403 1.061669 2.627521 0.600833 1.164439 1.743125 1.507331 0.689721 0.111638 1.593212 0.671937 1.556303 0.382094 0.203987 1.629117 0.350566 0.770418 0.819686 -0.030741 0.153113 1.227113 
395 2.697404 1.061669 2.627521 0.600834 1.164439 1.743125 1.507331 0.689721 0.111638 1.593213 0.671937 1.556303 0.382094 0.203987 1.629118 0.350566 0.770418 0.819687 -0.030741 0.153113 1.227113 
396 2.697404 1.061670 2.627522 0.600834 1.164440 1.743125 1.507331 0.689722 0.111638 1.593213 0.671937 1.556304 0.382094 0.203987 1.629118 0.350566 0.770418 0.819687 -0.030741 0.153113 1.227113 
397 2.697404 1.061670 2.627522 0.600834 1.164440 1.743126 1.507332 0.689722 0.111638 1.593213 0.671937 1.556304 0.382095 0.203987 1.629118 0.350567 0.770419 0.819687 -0.030741 0.153114 1.227113 
398 2.697405 1.061670 2.627523 0.600835 1.164440 1.743126 1.507332 0.689722 0.111639 1.593213 0.671937 1.556304 0.382095 0.203987 1.629118 0.350567 0.770419 0.819687 -0.030741 0.153114 1.227113 
399 2.697405 1.061671 2.627523 0.600835 1.164441 1.743126 1.507332 0.689722 0.111639 1.593213 0.671938 1.556304 0.382095 0.203988 1.629118 0.350567 0.770419 0.819687 -0.030741 0.153114 1.227113 
400 2.697405 1.061671 2.627523 0.600835 1.164441 1.743127 1.507332 0.689722 0.111639 1.593213 0.671938 1.556305 0.382095 0.203988 1.629118 0.350567 0.770419 0.819687 -0.030741 0.153114 1.227113 
401 2.697406 1.061671 2.627524 0.600836 1.164441 1.743127 1.507332 0.689722 0.111639 1.593213 0.671938 1.556305 0.382095 0.203988 1.629118 0.350567 0.770419 0.819688 -0.030740 0.153114 1.227113 
402 2.697406 1.061672 2.627524 0.600836 1.164442 1.743127 1.507332 0.689723 0.111639 1.593213 0.671938 1.556305 0.382095 0.203988 1.629118 0.350568 0.770420 0.819688 -0.030740 0.153114 1.227113 
403 2.697406 1.061672 2.627524 0.600836 1.164442 1.743128 1.507333 0.689723 0.111639 1.593213 0.671938 1.556305 0.382096 0.203988 1.629118 0.350568 0.770420 0.819688 -0.030740 0.153114 1.227114 
404 2.697406 1.061672 2.627525 0.600837 1.164442 1.743128 1.507333 0.689723 0.111640 1.593213 0.671938 1.556305 0.382096 0.203988 1.629118 0.350568 0.770420 0.819688 -0.030740 0.153114 1.227114 
405 2.697407 1.061672 2.627525 0.600837 1.164443 1.743128 1.507333 0.689723 0.111640 1.593213 0.671939 1.556306 0.382096 0.203988 1.629118 0.350568 0.770420 0.819688 -0.030740 0.153114 1.227114 
406 2.697407 1.061673 2.627525 0.600837 1.164443 1.743129 1.507333 0.689723 0.111640 1.593213 0.671939 1.556306 0.382096 0.203988 1.629119 0.350568 0.770420 0.819688 -0.030740 0.153114 1.227114 
407 2.697407 1.061673 2.627526 0.600837 1.164443 1.743129 1.507333 0.689723 0.111640 1.593213 0.671939 1.556306 0.382096 0.203988 1.629119 0.350568 0.770420 0.819689 -0.030740 0.153114 1.227114 
408 2.697407 1.061673 2.627526 0.600838 1.164444 1.743129 1.507333 0.689724 0.111640 1.593213 0.671939 1.556306 0.382097 0.203988 1.629119 0.350568 0.770421 0.819689 -0.030740 0.153114 1.227114 
409 2.697408 1.061674 2.627526 0.600838 1.164444 1.743130 1.507333 0.689724 0.111640 1.593214 0.671939 1.556306 0.382097 0.203988 1.629119 0.350569 0.770421 0.819689 -0.030740 0.153114 1.227114 
410 2.697408 1.061674 2.627527 0.600838 1.164444 1.743130 1.507333 0.689724 0.111640 1.593214 0.671939 1.556306 0.382097 0.203988 1.629119 0.350569 0.770421 0.819689 -0.030740 0.153115 1.227114 
411 2.697408 1.061674 2.627527 0.600838 1.164444 1.743130 1.507334 0.689724 0.111640 1.593214 0.671940 1.556307 0.382097 0.203988 1.629119 0.350569 0.770421 0.819689 -0.030740 0.153115 1.227114 
412 2.697408 1.061674 2.627527 0.600839 1.164445 1.743130 1.507334 0.689724 0.111641 1.593214 0.671940 1.556307 0.382097 0.203988 1.629119 0.350569 0.770421 0.819689 -0.030740 0.153115 1.227114 
413 2.697408 1.061674 2.627527 0.600839 1.164445 1.743131 1.507334 0.689724 0.111641 1.593214 0.671940 1.556307 0.382097 0.203989 1.629119 0.350569 0.770421 0.819689 -0.030740 0.153115 1.227114 
414 2.697409 1.061675 2.627528 0.600839 1.164445 1.743131 1.507334 0.689724 0.111641 1.593214 0.671940 1.556307 0.382097 0.203989 1.629119 0.350569 0.770421 0.819690 -0.030740 0.153115 1.227114 
415 2.697409 1.061675 2.627528 0.600839 1.164445 1.743131 1.507334 0.689725 0.111641 1.593214 0.671940 1.556307 0.382098 0.203989 1.629119 0.350569 0.770422 0.819690 -0.030740 0.153115 1.227114 
416 2.697409 1.061675 2.627528 0.600839 1.164446 1.743131 1.507334 0.689725 0.111641 1.593214 0.671940 1.556307 0.382098 0.203989 1.629119 0.350569 0.770422 0.819690 -0.030739 0.153115 1.227114 
417 2.697409 1.061675 2.627528 0.600840 1.164446 1.743132 1.507334 0.689725 0.111641 1.593214 0.671940 1.556308 0.382098 0.203989 1.629119 0.350569 0.770422 0.819690 -0.030739 0.153115 1.227114 
418 2.697409 1.061676 2.627529 0.600840 1.164446 1.743132 1.507334 0.689725 0.111641 1.593214 0.671940 1.556308 0.382098 0.203989 1.629119 0.350570 0.770422 0.819690 -0.030739 0.153115 1.227115 
419 2.697410 1.061676 2.627529 0.600840 1.164446 1.743132 1.507334 0.689725 0.111641 1.593214 0.671941 1.556308 0.382098 0.203989 1.629119 0.350570 0.770422 0.819690 -0.030739 0.153115 1.227115 
420 2.697410 1.061676 2.627529 0.600840 1.164447 1.743132 1.507335 0.689725 0.111642 1.593214 0.671941 1.556308 0.382098 0.203989 1.629120 0.350570 0.770422 0.819690 -0.030739 0.153115 1.227115 
421 2.697410 1.061676 2.627529 0.600840 1.164447 1.743132 1.507335 0.689725 0.111642 1.593214 0.671941 1.556308 0.382098 0.203989 1.629120 0.350570 0.770422 0.819690 -0.030739 0.153115 1.227115 
422 2.697410 1.061676 2.627529 0.600841 1.164447 1.743133 1.507335 0.689725 0.111642 1.593214 0.671941 1.556308 0.382098 0.203989 1.629120 0.350570 0.770422 0.819690 -0.030739 0.153115 1.227115 
423 2.697410 1.061677 2.627530 0.600841 1.164447 1.743133 1.507335 0.689726 0.111642 1.593214 0.671941 1.556308 0.382099 0.203989 1.629120 0.350570 0.770422 0.819691 -0.030739 0.153115 1.227115 
424 2.697410 1.061677 2.627530 0.600841 1.164447 1.743133 1.507335 0.689726 0.111642 1.593214 0.671941 1.556308 0.382099 0.203989 1.629120 0.350570 0.770423 0.819691 -0.030739 0.153115 1.227115 
425 2.697411 1.061677 2.627530 0.600841 1.164448 1.743133 1.507335 0.689726 0.111642 1.593214 0.671941 1.556309 0.382099 0.203989 1.629120 0.350570 0.770423 0.819691 -0.030739 0.153115 1.227115 
426 2.697411 1.061677 2.627530 0.600841 1.164448 1.743133 1.507335 0.689726 0.111642 1.593214 0.671941 1.556309 0.382099 0.203989 1.629120 0.350570 0.770423 0.819691 -0.030739 0.153115 1.227115 
427 2.697411 1.061677 2.627530 0.600841 1.164448 1.743133 1.507335 0.689726 0.111642 1.593214 0.671941 1.556309 0.382099 0.203989 1.629120 0.350570 0.770423 0.819691 -0.030739 0.153116 1.227115 
428 2.697411 1.061677 2.627531 0.600842 1.164448 1.743134 1.507335 0.689726 0.111642 1.593214 0.671941 1.556309 0.382099 0.203989 1.629120 0.350571 0.770423 0.819691 -0.030739 0.153116 1.227115 
429 2.697411 1.061678 2.627531 0.600842 1.164448 1.743134 1.507335 0.689726 0.111642 1.593214 0.671942 1.556309 0.382099 0.203989 1.629120 0.350571 0.770423 0.819691 -0.030739 0.153116 1.227115 
430 2.697411 1.061678 2.627531 0.600842 1.164448 1.743134 1.507335 0.689726 0.111642 1.593215 0.671942 1.556309 0.382099 0.203989 1.629120 0.350571 0.770423 0.819691 -0.030739 0.153116 1.227115 
431 2.697411 1.061678 2.627531 0.600842 1.164449 1.743134 1.507336 0.689726 0.111643 1.593215 0.671942 1.556309 0.382099 0.203989 1.629120 0.350571 0.770423 0.819691 -0.030739 0.153116 1.227115 
432 2.697412 1.061678 2.627531 0.600842 1.164449 1.743134 1.507336 0.689726 0.111643 1.593215 0.671942 1.556309 0.382099 0.203989 1.629120 0.350571 0.770423 0.819691 -0.030739 0.153116 1.227115 
433 2.697412 1.061678 2.627531 0.600842 1.164449 1.743134 1.507336 0.689726 0.111643 1.593215 0.671942 1.556309 0.382099 0.203990 1.629120 0.350571 0.770423 0.819691 -0.030739 0.153116 1.227115 
434 2.697412 1.061678 2.627532 0.600843 1.164449 1.743135 1.507336 0.689727 0.111643 1.593215 0.671942 1.556309 0.382100 0.203990 1.629120 0.350571 0.770424 0.819692 -0.030739 0.153116 1.227115 
435 2.697412 1.061678 2.627532 0.600843 1.164449 1.743135 1.507336 0.689727 0.111643 1.593215 0.671942 1.556310 0.382100 0.203990 1.629120 0.350571 0.770424 0.819692 -0.030739 0.153116 1.227115 
436 2.697412 1.061679 2.627532 0.600843 1.164449 1.743135 1.507336 0.689727 0.111643 1.593215 0.671942 1.556310 0.382100 0.203990 1.629120 0.350571 0.770424 0.819692 -0.030739 0.153116 1.227115 
437 2.697412 1.061679 2.627532 0.600843 1.164450 1.743135 1.507336 0.689727 0.111643 1.593215 0.671942 1.556310 0.382100 0.203990 1.629120 0.350571 0.770424 0.819692 -0.030739 0.153116 1.227115 
438 2.697412 1.061679 2.627532 0.600843 1.164450 1.743135 1.507336 0.689727 0.111643 1.593215 0.671942 1.556310 0.382100 0.203990 1.629120 0.350571 0.770424 0.819692 -0.030739 0.153116 1.227115 
439 2.697412 1.061679 2.627532 0.600843 1.164450 1.743135 1.507336 0.689727 0.111643 1.593215 0.671942 1.556310 0.382100 0.203990 1.629120 0.350571 0.770424 0.819692 -0.030739 0.153116 1.227115 
440 2.697413 1.061679 2.627532 0.600843 1.164450 1.743135 1.507336 0.689727 0.111643 1.593215 0.671942 1.556310 0.382100 0.203990 1.629120 0.350571 0.770424 0.819692 -0.030739 0.153116 1.227115 
441 2.697413 1.061679 2.627533 0.600843 1.164450 1.743136 1.507336 0.689727 0.111643 1.593215 0.671943 1.556310 0.382100 0.203990 1.629120 0.350571 0.770424 0.819692 -0.030738 0.153116 1.227115 
442 2.697413 1.061679 2.627533 0.600844 1.164450 1.743136 1.507336 0.689727 0.111643 1.593215 0.671943 1.556310 0.382100 0.203990 1.629120 0.350572 0.770424 0.819692 -0.030738 0.153116 1.227115 
443 2.697413 1.061679 2.627533 0.600844 1.164450 1.743136 1.507336 0.689727 0.111643 1.593215 0.671943 1.556310 0.382100 0.203990 1.629121 0.350572 0.770424 0.819692 -0.030738 0.153116 1.227116 
444 2.697413 1.061680 2.627533 0.600844 1.164450 1.743136 1.507336 0.689727 0.111643 1.593215 0.671943 1.556310 0.382100 0.203990 1.629121 0.350572 0.770424 0.819692 -0.030738 0.153116 1.227116 
445 2.697413 1.061680 2.627533 0.600844 1.164451 1.743136 1.507336 0.689727 0.111643 1.593215 0.671943 1.556310 0.382100 0.203990 1.629121 0.350572 0.770424 0.819692 -0.030738 0.153116 1.227116 
446 2.697413 1.061680 2.627533 0.600844 1.164451 1.743136 1.507336 0.689727 0.111644 1.593215 0.671943 1.556310 0.382100 0.203990 1.629121 0.350572 0.770424 0.819692 -0.030738 0.153116 1.227116 
447 2.697413 1.061680 2.627533 0.600844 1.164451 1.743136 1.507337 0.689727 0.111644 1.593215 0.671943 1.556310 0.382100 0.203990 1.629121 0.350572 0.770424 0.819692 -0.030738 0.153116 1.227116 
448 2.697413 1.061680 2.627533 0.600844 1.164451 1.743136 1.507337 0.689727 0.111644 1.593215 0.671943 1.556311 0.382101 0.203990 1.629121 0.350572 0.770425 0.819692 -0.030738 0.153116 1.227116 
449 2.697413 1.061680 2.627534 0.600844 1.164451 1.743136 1.507337 0.689728 0.111644 1.593215 0.671943 1.556311 0.382101 0.203990 1.629121 0.350572 0.770425 0.819693 -0.030738 0.153116 1.227116 
450 2.697414 1.061680 2.627534 0.600844 1.164451 1.743137 1.507337 0.689728 0.111644 1.593215 0.671943 1.556311 0.382101 0.203990 1.629121 0.350572 0.770425 0.819693 -0.030738 0.153116 1.227116 
451 2.697414 1.061680 2.627534 0.600844 1.164451 1.743137 1.507337 0.689728 0.111644 1.593215 0.671943 1.556311 0.382101 0.203990 1.629121 0.350572 0.770425 0.819693 -0.030738 0.153116 1.227116 
452 2.697414 1.061680 2.627534 0.600845 1.164451 1.743137 1.507337 0.689728 0.111644 1.593215 0.671943 1.556311 0.382101 0.203990 1.629121 0.350572 0.770425 0.819693 -0.030738 0.153116 1.227116 
453 2.697414 1.061680 2.627534 0.600845 1.164451 1.743137 1.507337 0.689728 0.111644 1.593215 0.671943 1.556311 0.382101 0.203990 1.629121 0.350572 0.770425 0.819693 -0.030738 0.153116 1.227116 
454 2.697414 1.061680 2.627534 0.600845 1.164452 1.743137 1.507337 0.689728 0.111644 1.593215 0.671943 1.556311 0.382101 0.203990 1.629121 0.350572 0.770425 0.819693 -0.030738 0.153116 1.227116 
455 2.697414 1.061681 2.627534 0.600845 1.164452 1.743137 1.507337 0.689728 0.111644 1.593215 0.671943 1.556311 0.382101 0.203990 1.629121 0.350572 0.770425 0.819693 -0.030738 0.153116 1.227116 
456 2.697414 1.061681 2.627534 0.600845 1.164452 1.743137 1.507337 0.689728 0.111644 1.593215 0.671943 1.556311 0.382101 0.203990 1.629121 0.350572 0.770425 0.819693 -0.030738 0.153116 1.227116 
457 2.697414 1.061681 2.627534 0.600845 1.164452 1.743137 1.507337 0.689728 0.111644 1.593215 0.671943 1.556311 0.382101 0.203990 1.629121 0.350572 0.770425 0.819693 -0.030738 0.153116 1.227116 
458 2.697414 1.061681 2.627534 0.600845 1.164452 1.743137 1.507337 0.689728 0.111644 1.593215 0.671943 1.556311 0.382101 0.203990 1.629121 0.350572 0.770425 0.819693 -0.030738 0.153116 1.227116 
459 2.697414 1.061681 2.627535 0.600845 1.164452 1.743137 1.507337 0.689728 0.111644 1.593215 0.671944 1.556311 0.382101 0.203990 1.629121 0.350572 0.770425 0.819693 -0.030738 0.153117 1.227116 
460 2.697414 1.061681 2.627535 0.600845 1.164452 1.743137 1.507337 0.689728 0.111644 1.593215 0.671944 1.556311 0.382101 0.203990 1.629121 0.350572 0.770425 0.819693 -0.030738 0.153117 1.227116 
461 2.697414 1.061681 2.627535 0.600845 1.164452 1.743138 1.507337 0.689728 0.111644 1.593215 0.671944 1.556311 0.382101 0.203990 1.629121 0.350572 0.770425 0.819693 -0.030738 0.153117 1.227116 
462 2.697414 1.061681 2.627535 0.600845 1.164452 1.743138 1.507337 0.689728 0.111644 1.593215 0.671944 1.556311 0.382101 0.203990 1.629121 0.350572 0.770425 0.819693 -0.030738 0.153117 1.227116 
463 2.697414 1.061681 2.627535 0.600845 1.164452 1.743138 1.507337 0.689728 0.111644 1.593215 0.671944 1.556311 0.382101 0.203990 1.629121 0.350573 0.770425 0.819693 -0.030738 0.153117 1.227116 
464 2.697414 1.061681 2.627535 0.600845 1.164452 1.743138 1.507337 0.689728 0.111644 1.593215 0.671944 1.556311 0.382101 0.203990 1.629121 0.350573 0.770425 0.819693 -0.030738 0.153117 1.227116 
465 2.697415 1.061681 2.627535 0.600845 1.164452 1.743138 1.507337 0.689728 0.111644 1.593215 0.671944 1.556311 0.382101 0.203990 1.629121 0.350573 0.770425 0.819693 -0.030738 0.153117 1.227116 
466 2.697415 1.061681 2.627535 0.600846 1.164452 1.743138 1.507337 0.689728 0.111644 1.593215 0.671944 1.556312 0.382101 0.203990 1.629121 0.350573 0.770425 0.819693 -0.030738 0.153117 1.227116 
467 2.697415 1.061681 2.627535 0.600846 1.164453 1.743138 1.507337 0.689728 0.111644 1.593215 0.671944 1.556312 0.382101 0.203990 1.629121 0.350573 0.770425 0.819693 -0.030738 0.153117 1.227116 
468 2.697415 1.061681 2.627535 0.600846 1.164453 1.743138 1.507337 0.689728 0.111644 1.593215 0.671944 1.556312 0.382101 0.203990 1.629121 0.350573 0.770425 0.819693 -0.030738 0.153117 1.227116 
469 2.697415 1.061682 2.627535 0.600846 1.164453 1.743138 1.507337 0.689728 0.111644 1.593215 0.671944 1.556312 0.382102 0.203990 1.629121 0.350573 0.770425 0.819693 -0.030738 0.153117 1.227116 
470 2.697415 1.061682 2.627535 0.600846 1.164453 1.743138 1.507337 0.689728 0.111645 1.593215 0.671944 1.556312 0.382102 0.203990 1.629121 0.350573 0.770426 0.819693 -0.030738 0.153117 1.227116 
471 2.697415 1.061682 2.627535 0.600846 1.164453 1.743138 1.507337 0.689728 0.111645 1.593215 0.671944 1.556312 0.382102 0.203990 1.629121 0.350573 0.770426 0.819693 -0.030738 0.153117 1.227116 
472 2.697415 1.061682 2.627535 0.600846 1.164453 1.743138 1.507337 0.689728 0.111645 1.593215 0.671944 1.556312 0.382102 0.203990 1.629121 0.350573 0.770426 0.819693 -0.030738 0.153117 1.227116 
473 2.697415 1.061682 2.627536 0.600846 1.164453 1.743138 1.507338 0.689729 0.111645 1.593215 0.671944 1.556312 0.382102 0.203990 1.629121 0.350573 0.770426 0.819693 -0.030738 0.153117 1.227116 
474 2.697415 1.061682 2.627536 0.600846 1.164453 1.743138 1.507338 0.689729 0.111645 1.593215 0.671944 1.556312 0.382102 0.203990 1.629121 0.350573 0.770426 0.819694 -0.030738 0.153117 1.227116 
475 2.697415 1.061682 2.627536 0.600846 1.164453 1.743138 1.507338 0.689729 0.111645 1.593216 0.671944 1.556312 0.382102 0.203990 1.629121 0.350573 0.770426 0.819694 -0.030738 0.153117 1.227116 
476 2.697415 1.061682 2.627536 0.600846 1.164453 1.743139 1.507338 0.689729 0.111645 1.593216 0.671944 1.556312 0.382102 0.203991 1.629121 0.350573 0.770426 0.819694 -0.030738 0.153117 1.227116 
477 2.697415 1.061682 2.627536 0.600846 1.164453 1.743139 1.507338 0.689729 0.111645 1.593216 0.671944 1.556312 0.382102 0.203991 1.629121 0.350573 0.770426 0.819694 -0.030738 0.153117 1.227116 
478 2.697415 1.061682 2.627536 0.600846 1.164453 1.743139 1.507338 0.689729 0.111645 1.593216 0.671944 1.556312 0.382102 0.203991 1.629121 0.350573 0.770426 0.819694 -0.030738 0.153117 1.227116 
479 2.697415 1.061682 2.627536 0.600846 1.164453 1.743139 1.507338 0.689729 0.111645 1.593216 0.671944 1.556312 0.382102 0.203991 1.629121 0.350573 0.770426 0.819694 -0.030738 0.153117 1.227116 
480 2.697415 1.061682 2.627536 0.600846 1.164453 1.743139 1.507338 0.689729 0.111645 1.593216 0.671944 1.556312 0.382102 0.203991 1.629121 0.350573 0.770426 0.819694 -0.030738 0.153117 1.227116 
481 2.697415 1.061682 2.627536 0.600846 1.164453 1.743139 1.507338 0.689729 0.111645 1.593216 0.671944 1.556312 0.382102 0.203991 1.629121 0.350573 0.770426 0.819694 -0.030738 0.153117 1.227116 
482 2.697415 1.061682 2.627536 0.600846 1.164453 1.743139 1.507338 0.689729 0.111645 1.593216 0.671944 1.556312 0.382102 0.203991 1.629121 0.350573 0.770426 0.819694 -0.030738 0.153117 1.227116 
483 2.697415 1.061682 2.627536 0.600846 1.164453 1.743139 1.507338 0.689729 0.111645 1.593216 0.671944 1.556312 0.382102 0.203991 1.629121 0.350573 0.770426 0.819694 -0.030738 0.153117 1.227116 
484 2.697415 1.061682 2.627536 0.600846 1.164454 1.743139 1.507338 0.689729 0.111645 1.593216 0.671944 1.556312 0.382102 0.203991 1.629121 0.350573 0.770426 0.819694 -0.030738 0.153117 1.227116 
485 2.697415 1.061682 2.627536 0.600846 1.164454 1.743139 1.507338 0.689729 0.111645 1.593216 0.671944 1.556312 0.382102 0.203991 1.629121 0.350573 0.770426 0.819694 -0.030738 0.153117 1.227116 
486 2.697416 1.061682 2.627536 0.600847 1.164454 1.743139 1.507338 0.689729 0.111645 1.593216 0.671944 1.556312 0.382102 0.203991 1.629121 0.350573 0.770426 0.819694 -0.030738 0.153117 1.227116 
487 2.697416 1.061682 2.627536 0.600847 1.164454 1.743139 1.507338 0.689729 0.111645 1.593216 0.671944 1.556312 0.382102 0.203991 1.629121 0.350573 0.770426 0.819694 -0.030738 0.153117 1.227116 
488 2.697416 1.061682 2.627536 0.600847 1.164454 1.743139 1.507338 0.689729 0.111645 1.593216 0.671944 1.556312 0.382102 0.203991 1.629121 0.350573 0.770426 0.819694 -0.030738 0.153117 1.227116 
489 2.697416 1.061682 2.627536 0.600847 1.164454 1.743139 1.507338 0.689729 0.111645 1.593216 0.671944 1.556312 0.382102 0.203991 1.629121 0.350573 0.770426 0.819694 -0.030738 0.153117 1.227116 
490 2.697416 1.061683 2.627536 0.600847 1.164454 1.743139 1.507338 0.689729 0.111645 1.593216 0.671944 1.556312 0.382102 0.203991 1.629121 0.350573 0.770426 0.819694 -0.030738 0.153117 1.227116 
491 2.697416 1.061683 2.627536 0.600847 1.164454 1.743139 1.507338 0.689729 0.111645 1.593216 0.671944 1.556312 0.382102 0.203991 1.629121 0.350573 0.770426 0.819694 -0.030738 0.153117 1.227116 
492 2.697416 1.061683 2.627536 0.600847 1.164454 1.743139 1.507338 0.689729 0.111645 1.593216 0.671944 1.556312 0.382102 0.203991 1.629121 0.350573 0.770426 0.819694 -0.030738 0.153117 1.227116 
493 2.697416 1.061683 2.627536 0.600847 1.164454 1.743139 1.507338 0.689729 0.111645 1.593216 0.671945 1.556312 0.382102 0.203991 1.629121 0.350573 0.770426 0.819694 -0.030738 0.153117 1.227116 
494 2.697416 1.061683 2.627537 0.600847 1.164454 1.743139 1.507338 0.689729 0.111645 1.593216 0.671945 1.556312 0.382102 0.203991 1.629121 0.350573 0.770426 0.819694 -0.030738 0.153117 1.227116 
495 2.697416 1.061683 2.627537 0.600847 1.164454 1.743139 1.507338 0.689729 0.111645 1.593216 0.671945 1.556312 0.382102 0.203991 1.629121 0.350573 0.770426 0.819694 -0.030738 0.153117 1.227116 
496 2.697416 1.061683 2.627537 0.600847 1.164454 1.743139 1.507338 0.689729 0.111645 1.593216 0.671945 1.556312 0.382102 0.203991 1.629121 0.350573 0.770426 0.819694 -0.030738 0.153117 1.227116 
497 2.697416 1.061683 2.627537 0.600847 1.164454 1.743139 1.507338 0.689729 0.111645 1.593216 0.671945 1.556312 0.382102 0.203991 1.629121 0.350573 0.770426 0.819694 -0.030738 0.153117 1.227116 
498 2.697416 1.061683 2.627537 0.600847 1.164454 1.743139 1.507338 0.689729 0.111645 1.593216 0.671945 1.556312 0.382102 0.203991 1.629121 0.350573 0.770426 0.819694 -0.030738 0.153117 1.227116 
499 2.697416 1.061683 2.627537 0.600847 1.164454 1.743139 1.507338 0.689729 0.111645 1.593216 0.671945 1.556312 0.382102 0.203991 1.629122 0.350573 0.770426 0.819694 -0.030738 0.153117 1.227116 
