Time v_x v_y v_z
0.000000 -0.229010 0.156128 0.063819
0.002004 -0.214783 0.239413 0.033112
0.004008 -0.195113 0.270118 0.046053
0.006012 -0.168756 0.339761 0.036597
0.008016 -0.170906 0.420018 0.009027
0.010020 -0.175513 0.492148 -0.012718
0.012024 -0.189765 0.540009 -0.013291
0.014028 -0.176449 0.645099 -0.000223
0.016032 -0.192203 0.717124 0.031637
0.018036 -0.202428 0.819599 0.001496
0.020040 -0.166828 0.877924 -0.017459
0.022044 -0.139247 0.920696 -0.053332
0.024048 -0.168163 1.001139 -0.039801
0.026052 -0.134340 1.092836 -0.045740
0.028056 -0.130272 1.161225 -0.053854
0.030060 -0.177115 1.197524 -0.095797
0.032064 -0.156221 1.237781 -0.075153
0.034068 -0.144629 1.316011 -0.062088
0.036072 -0.095554 1.434750 -0.091236
0.038076 -0.063109 1.522513 -0.083954
0.040080 -0.048221 1.617640 -0.091228
0.042084 0.003930 1.663005 -0.096112
0.044088 0.004879 1.704211 -0.083655
0.046092 -0.008892 1.747279 -0.089162
0.048096 -0.012290 1.785550 -0.118000
0.050100 -0.004586 1.799381 -0.130177
0.052104 0.010823 1.816245 -0.075462
0.054108 -0.007188 1.876374 -0.106839
0.056112 -0.014048 1.930452 -0.107549
0.058116 -0.014714 1.955837 -0.103636
0.060120 -0.038623 2.011914 -0.139322
0.062124 -0.010689 2.054956 -0.130832
0.064128 -0.019913 2.081570 -0.136971
0.066132 -0.020832 2.080640 -0.139655
0.068136 -0.001166 2.127127 -0.139757
0.070140 -0.009134 2.161941 -0.160309
0.072144 -0.014863 2.216761 -0.165490
0.074148 -0.029934 2.251697 -0.139153
0.076152 0.013240 2.303563 -0.113061
0.078156 -0.010030 2.358948 -0.121512
0.080160 -0.049171 2.373968 -0.173580
0.082164 -0.059630 2.410878 -0.168169
0.084168 -0.062145 2.444860 -0.192004
0.086172 -0.058636 2.529494 -0.203498
0.088176 0.002371 2.530529 -0.222414
0.090180 -0.008697 2.566616 -0.229170
0.092184 -0.059001 2.604828 -0.238399
0.094188 -0.050142 2.598152 -0.207810
0.096192 -0.027996 2.621046 -0.225487
0.098196 0.011196 2.644193 -0.227080
0.100200 0.022776 2.684194 -0.232400
0.102204 0.037428 2.685482 -0.224010
0.104208 0.012003 2.730570 -0.212144
0.106212 0.029780 2.749904 -0.238707
0.108216 0.050877 2.776346 -0.229210
0.110220 0.026393 2.801604 -0.236460
0.112224 -0.001354 2.841162 -0.252260
0.114228 0.000769 2.879373 -0.301954
0.116232 0.004601 2.868791 -0.280257
0.118236 0.028427 2.895437 -0.300687
0.120240 0.027020 2.937494 -0.325735
0.122244 0.029594 2.954100 -0.322165
0.124248 0.053565 2.990592 -0.317687
0.126253 0.078900 3.037324 -0.284726
0.128257 0.084719 3.045866 -0.303522
0.130261 0.101942 3.076898 -0.324105
0.132265 0.095328 3.090073 -0.307638
0.134269 0.112830 3.034238 -0.288314
0.136273 0.114628 3.057726 -0.274571
0.138277 0.092626 3.100267 -0.306148
0.140281 0.090377 3.132381 -0.307263
0.142285 0.091620 3.109756 -0.275556
0.144289 0.140987 3.072661 -0.298890
0.146293 0.134463 3.083666 -0.311885
0.148297 0.145960 3.067541 -0.296870
0.150301 0.118400 3.093047 -0.317302
0.152305 0.083610 3.058156 -0.319083
0.154309 0.110573 3.059033 -0.285281
0.156313 0.120127 3.037369 -0.258962
0.158317 0.118769 3.079532 -0.261618
0.160321 0.147782 3.102260 -0.238587
0.162325 0.137487 3.128971 -0.268805
0.164329 0.127802 3.148152 -0.304243
0.166333 0.147600 3.171069 -0.265790
0.168337 0.136498 3.188496 -0.278867
0.170341 0.174426 3.193305 -0.282210
0.172345 0.128126 3.195712 -0.306021
0.174349 0.150676 3.200854 -0.300950
0.176353 0.163973 3.236001 -0.295532
0.178357 0.161528 3.264667 -0.297446
0.180361 0.130881 3.277564 -0.311474
0.182365 0.110671 3.305433 -0.326757
0.184369 0.105875 3.328023 -0.328563
0.186373 0.134354 3.348925 -0.323397
0.188377 0.148430 3.348967 -0.349912
0.190381 0.124091 3.386234 -0.331951
0.192385 0.121965 3.388120 -0.348604
0.194389 0.148006 3.389878 -0.348596
0.196393 0.166470 3.379935 -0.348422
0.198397 0.151117 3.395084 -0.365017
0.200401 0.146984 3.365220 -0.362387
0.202405 0.132699 3.374884 -0.336161
0.204409 0.133199 3.371830 -0.362365
0.206413 0.146555 3.390212 -0.368206
0.208417 0.137015 3.381629 -0.402885
0.210421 0.139313 3.394520 -0.385672
0.212425 0.142276 3.371987 -0.359980
0.214429 0.155509 3.407068 -0.353892
0.216433 0.191618 3.444532 -0.363157
0.218437 0.173640 3.442787 -0.323074
0.220441 0.117797 3.481257 -0.343198
0.222445 0.121733 3.478618 -0.348491
0.224449 0.110071 3.436617 -0.328741
0.226453 0.160062 3.423030 -0.382141
0.228457 0.146928 3.452081 -0.385019
0.230461 0.170190 3.466981 -0.371621
0.232465 0.128353 3.448130 -0.362099
0.234469 0.141603 3.480640 -0.395549
0.236473 0.121953 3.493638 -0.398650
0.238477 0.127692 3.470490 -0.385955
0.240481 0.127831 3.504022 -0.367932
0.242485 0.101098 3.521356 -0.362871
0.244489 0.115616 3.536470 -0.356572
0.246493 0.130823 3.562950 -0.354340
0.248497 0.119981 3.529011 -0.366497
0.250501 0.154986 3.537089 -0.378164
0.252505 0.158035 3.557933 -0.340672
0.254509 0.170027 3.530216 -0.341355
0.256513 0.185004 3.510848 -0.340089
0.258517 0.204296 3.534869 -0.374515
0.260521 0.247527 3.526277 -0.364967
0.262525 0.252404 3.550535 -0.350726
0.264529 0.267054 3.597050 -0.349461
0.266533 0.260044 3.605698 -0.367444
0.268537 0.271563 3.606101 -0.312920
0.270541 0.262990 3.617059 -0.295500
0.272545 0.235331 3.630082 -0.311455
0.274549 0.242804 3.665676 -0.329806
0.276553 0.243970 3.678043 -0.344545
0.278557 0.214987 3.706324 -0.321038
0.280561 0.230069 3.744336 -0.320299
0.282565 0.255478 3.742942 -0.328045
0.284569 0.265887 3.765210 -0.341210
0.286573 0.309501 3.784983 -0.329837
0.288577 0.289843 3.804865 -0.342207
0.290581 0.297900 3.862777 -0.318906
0.292585 0.302702 3.880118 -0.331807
0.294589 0.340567 3.919173 -0.334964
0.296593 0.355422 3.904264 -0.361294
0.298597 0.352748 3.888891 -0.368493
0.300601 0.324205 3.891618 -0.372443
0.302605 0.316993 3.908202 -0.395517
0.304609 0.309074 3.902663 -0.418141
0.306613 0.295245 3.936113 -0.415166
0.308617 0.299880 3.927968 -0.360505
0.310621 0.272331 3.974366 -0.320322
0.312625 0.265401 3.994654 -0.351501
0.314629 0.238752 4.017426 -0.369541
0.316633 0.202962 4.073738 -0.351366
0.318637 0.159154 4.057552 -0.325700
0.320641 0.168572 4.092256 -0.344858
0.322645 0.183909 4.153365 -0.398092
0.324649 0.204653 4.174690 -0.426648
0.326653 0.237238 4.200447 -0.434006
0.328657 0.252272 4.216066 -0.392345
0.330661 0.279521 4.226434 -0.354023
0.332665 0.308111 4.280238 -0.407817
0.334669 0.262996 4.286950 -0.465006
0.336673 0.248962 4.295319 -0.461030
0.338677 0.235789 4.319551 -0.472919
0.340681 0.244544 4.349390 -0.477231
0.342685 0.214996 4.326674 -0.481838
0.344689 0.185564 4.350362 -0.457054
0.346693 0.199017 4.370868 -0.467369
0.348697 0.193720 4.371262 -0.461175
0.350701 0.186108 4.391739 -0.447701
0.352705 0.188964 4.380489 -0.424755
0.354709 0.174936 4.381891 -0.434398
0.356713 0.134954 4.382514 -0.440905
0.358717 0.125969 4.398324 -0.486395
0.360721 0.172536 4.439556 -0.466526
0.362725 0.179101 4.435392 -0.477478
0.364729 0.208889 4.440584 -0.459914
0.366733 0.201132 4.486510 -0.458187
0.368737 0.190813 4.504971 -0.406005
0.370741 0.177084 4.506259 -0.433547
0.372745 0.197533 4.561152 -0.438824
0.374749 0.177102 4.580523 -0.439753
0.376754 0.170309 4.598003 -0.454093
0.378758 0.188457 4.599036 -0.455948
0.380762 0.208214 4.602181 -0.465270
0.382766 0.223172 4.624116 -0.498205
0.384770 0.205716 4.633484 -0.553110
0.386774 0.210696 4.657979 -0.558223
0.388778 0.169442 4.658216 -0.585920
0.390782 0.167954 4.637683 -0.552146
0.392786 0.182270 4.644250 -0.550644
0.394790 0.238081 4.676112 -0.549146
0.396794 0.247202 4.680843 -0.540917
0.398798 0.261927 4.686520 -0.552876
0.400802 0.260578 4.699016 -0.543478
0.402806 0.219825 4.689867 -0.556603
0.404810 0.223645 4.642059 -0.610954
0.406814 0.220845 4.633239 -0.616550
0.408818 0.222196 4.637521 -0.610088
0.410822 0.267466 4.675839 -0.603730
0.412826 0.277571 4.702803 -0.591715
0.414830 0.291868 4.665444 -0.573271
0.416834 0.310580 4.697719 -0.564331
0.418838 0.307716 4.721875 -0.555872
0.420842 0.319996 4.735023 -0.539779
0.422846 0.327293 4.700359 -0.572667
0.424850 0.316823 4.711052 -0.571121
0.426854 0.298962 4.752061 -0.560208
0.428858 0.326462 4.768119 -0.540094
0.430862 0.332031 4.770014 -0.532892
0.432866 0.359615 4.805631 -0.548286
0.434870 0.357003 4.777260 -0.572199
0.436874 0.352782 4.840974 -0.583734
0.438878 0.338530 4.854605 -0.586315
0.440882 0.373586 4.828870 -0.594735
0.442886 0.367908 4.855141 -0.603893
0.444890 0.371511 4.846370 -0.621561
0.446894 0.411761 4.838078 -0.580152
0.448898 0.445861 4.905023 -0.586667
0.450902 0.437908 4.939549 -0.558906
0.452906 0.492392 4.998241 -0.545478
0.454910 0.520503 5.025500 -0.567930
0.456914 0.543524 5.061851 -0.570477
0.458918 0.509946 5.071078 -0.575947
0.460922 0.487172 5.077090 -0.593548
0.462926 0.456401 5.070126 -0.625377
0.464930 0.435316 5.100746 -0.658390
0.466934 0.390574 5.140692 -0.640064
0.468938 0.351751 5.146557 -0.620402
0.470942 0.354601 5.154412 -0.626732
0.472946 0.366248 5.139154 -0.647250
0.474950 0.356971 5.153405 -0.628353
0.476954 0.426827 5.190366 -0.618402
0.478958 0.451969 5.189261 -0.649792
0.480962 0.435014 5.228363 -0.654722
0.482966 0.453638 5.252573 -0.667112
0.484970 0.419833 5.298557 -0.648814
0.486974 0.462589 5.338155 -0.636438
0.488978 0.465205 5.340985 -0.681173
0.490982 0.460637 5.343392 -0.713704
0.492986 0.437406 5.352522 -0.687925
0.494990 0.455454 5.372812 -0.685991
0.496994 0.452101 5.422865 -0.670266
0.498998 0.403990 5.426539 -0.687860
0.501002 0.410355 5.467067 -0.708823
0.503006 0.400893 5.477236 -0.714489
0.505010 0.411923 5.505415 -0.694454
0.507014 0.411694 5.528040 -0.713322
0.509018 0.397231 5.536389 -0.713897
0.511022 0.409905 5.605261 -0.712616
0.513026 0.404143 5.600174 -0.681603
0.515030 0.376134 5.649194 -0.660562
0.517034 0.394567 5.677701 -0.702701
0.519038 0.401249 5.725166 -0.725616
0.521042 0.405852 5.710168 -0.757243
0.523046 0.354827 5.735606 -0.739108
0.525050 0.361052 5.716621 -0.731678
0.527054 0.384687 5.771545 -0.724366
0.529058 0.398527 5.804137 -0.732088
0.531062 0.380101 5.804160 -0.752374
0.533066 0.352438 5.802164 -0.747157
0.535070 0.345112 5.772770 -0.762939
0.537074 0.338151 5.776267 -0.738253
0.539078 0.385706 5.815120 -0.706207
0.541082 0.407322 5.827972 -0.701350
0.543086 0.417721 5.881619 -0.699638
0.545090 0.421304 5.929822 -0.698678
0.547094 0.406344 5.959359 -0.727339
0.549098 0.425800 5.981504 -0.699358
0.551102 0.447647 5.962831 -0.696726
0.553106 0.462470 5.990218 -0.687290
0.555110 0.467906 6.002859 -0.703767
0.557114 0.474216 6.005539 -0.730458
0.559118 0.474371 6.000895 -0.720298
0.561122 0.493764 6.048708 -0.737751
0.563126 0.478102 6.068707 -0.709898
0.565130 0.459291 6.075286 -0.732222
0.567134 0.457679 6.078578 -0.756288
0.569138 0.446301 6.081376 -0.729977
0.571142 0.461604 6.086080 -0.779151
0.573146 0.465481 6.104938 -0.792908
0.575150 0.481282 6.131322 -0.814188
0.577154 0.504562 6.138615 -0.847574
0.579158 0.505118 6.126126 -0.858842
0.581162 0.493004 6.155242 -0.879404
0.583166 0.494404 6.151786 -0.882951
0.585170 0.512928 6.150059 -0.859854
0.587174 0.496325 6.173940 -0.850220
0.589178 0.492080 6.139988 -0.840449
0.591182 0.491722 6.159283 -0.829448
0.593186 0.505100 6.121201 -0.795325
0.595190 0.509587 6.182690 -0.784107
0.597194 0.471227 6.147649 -0.785946
0.599198 0.509459 6.215596 -0.786042
0.601202 0.514958 6.203551 -0.804760
0.603206 0.525762 6.214825 -0.777102
0.605210 0.534170 6.228712 -0.728375
0.607214 0.556171 7.024229 -0.738629
0.609218 0.564680 7.774803 -0.720852
0.611222 0.558388 7.811798 -0.699628
0.613226 0.566386 7.828121 -0.719956
0.615230 0.570714 7.860940 -0.702386
0.617234 0.557285 7.900646 -0.714143
0.619238 0.565091 7.902405 -0.680085
0.621242 0.538279 7.929578 -0.673982
0.623246 0.499966 7.954844 -0.672184
0.625251 0.515224 7.989556 -0.652994
0.627255 0.515175 8.032415 -0.632035
0.629259 0.507144 8.043211 -0.665476
0.631263 0.513387 8.041952 -0.636261
0.633267 0.506575 8.086203 -0.619678
0.635271 0.471260 8.108967 -0.600372
0.637275 0.420405 8.171638 -0.619064
0.639279 0.464713 8.193292 -0.569721
0.641283 0.454872 8.235486 -0.571393
0.643287 0.423905 8.287242 -0.594945
0.645291 0.409313 8.318528 -0.575512
0.647295 0.394429 8.336625 -0.570488
0.649299 0.387858 8.410492 -0.594681
0.651303 0.371479 8.438182 -0.596830
0.653307 0.343665 8.451511 -0.605622
0.655311 0.347268 8.522859 -0.627236
0.657315 0.332149 8.564696 -0.618554
0.659319 0.339680 8.605471 -0.644028
0.661323 0.315639 8.630287 -0.634600
0.663327 0.308533 8.665654 -0.623662
0.665331 0.268222 8.680990 -0.582101
0.667335 0.240228 8.710756 -0.629311
0.669339 0.188053 8.740894 -0.627819
0.671343 0.164042 8.778221 -0.629477
0.673347 0.166260 8.775549 -0.627645
0.675351 0.171376 8.834784 -0.592695
0.677355 0.180555 8.913724 -0.593482
0.679359 0.213428 8.971573 -0.591168
0.681363 0.218344 8.990664 -0.630886
0.683367 0.248773 8.996115 -0.678496
0.685371 0.236849 9.029008 -0.680734
0.687375 0.253667 9.125931 -0.703718
0.689379 0.226544 9.185510 -0.693732
0.691383 0.207759 9.226461 -0.715694
0.693387 0.176896 9.265338 -0.703881
0.695391 0.197496 9.287440 -0.674354
0.697395 0.223204 9.300010 -0.652110
0.699399 0.221555 9.338941 -0.677957
0.701403 0.241373 9.376351 -0.678962
0.703407 0.298701 9.385274 -0.677099
0.705411 0.280355 9.427911 -0.688109
0.707415 0.300597 9.447670 -0.663256
0.709419 0.283741 9.504255 -0.686565
0.711423 0.302309 9.534182 -0.686620
0.713427 0.267576 9.570728 -0.715414
0.715431 0.331233 9.623296 -0.707211
0.717435 0.364174 9.673046 -0.684556
0.719439 0.353441 9.722336 -0.668358
0.721443 0.351337 9.745925 -0.691590
0.723447 0.346013 9.813071 -0.728296
0.725451 0.353441 9.841766 -0.707377
0.727455 0.360544 9.877735 -0.666478
0.729459 0.370280 9.916830 -0.656407
0.731463 0.392903 9.940564 -0.638001
0.733467 0.404644 9.981995 -0.633134
0.735471 0.429357 10.060260 -0.663324
0.737475 0.391696 10.075314 -0.684277
0.739479 0.391716 10.135656 -0.663580
0.741483 0.384819 10.213289 -0.684376
0.743487 0.393310 10.264359 -0.674043
0.745491 0.403748 10.326487 -0.663309
0.747495 0.379624 10.336879 -0.663726
0.749499 0.387009 10.357519 -0.666850
0.751503 0.356284 10.392221 -0.695919
0.753507 0.324611 10.364603 -0.705976
0.755511 0.315296 10.404536 -0.730677
0.757515 0.288200 10.468740 -0.742827
0.759519 0.282585 10.500825 -0.755923
0.761523 0.270428 10.571807 -0.754908
0.763527 0.270056 10.568974 -0.792640
0.765531 0.296347 10.559895 -0.816808
0.767535 0.274706 10.589902 -0.814007
0.769539 0.303254 10.620019 -0.802412
0.771543 0.308581 10.623080 -0.847368
0.773547 0.279685 10.649440 -0.818648
0.775551 0.206622 10.658881 -0.817681
0.777555 0.207374 10.716676 -0.769089
0.779559 0.232272 10.763741 -0.773778
0.781563 0.263890 10.790961 -0.759002
0.783567 0.261915 10.840640 -0.764437
0.785571 0.250810 10.839784 -0.757231
0.787575 0.235481 10.862803 -0.765504
0.789579 0.268032 10.895334 -0.789707
0.791583 0.259486 10.910759 -0.803959
0.793587 0.310023 10.913294 -0.795905
0.795591 0.334871 10.959768 -0.812974
0.797595 0.345574 10.947668 -0.819326
0.799599 0.379141 10.963874 -0.807882
0.801603 0.354709 10.961695 -0.788724
0.803607 0.383576 10.995224 -0.816019
0.805611 0.356129 11.005599 -0.815986
0.807615 0.354374 11.032846 -0.797603
0.809619 0.321586 11.103300 -0.822246
0.811623 0.372844 11.119185 -0.823939
0.813627 0.385683 11.116509 -0.812276
0.815631 0.408480 11.093013 -0.819920
0.817635 0.389119 11.110014 -0.806649
0.819639 0.376231 11.133983 -0.793116
0.821643 0.402433 11.127446 -0.760356
0.823647 0.402932 11.136985 -0.791036
0.825651 0.440557 11.153499 -0.784071
0.827655 0.418223 11.194308 -0.790759
0.829659 0.470221 11.225248 -0.775375
0.831663 0.487767 11.216487 -0.765131
0.833667 0.538946 11.235988 -0.778825
0.835671 0.539634 11.278039 -0.795286
0.837675 0.567785 11.289235 -0.839114
0.839679 0.530362 11.335331 -0.860960
0.841683 0.543700 11.363349 -0.866015
0.843687 0.513814 11.380541 -0.860571
0.845691 0.491651 11.378722 -0.866706
0.847695 0.510714 11.387239 -0.868230
0.849699 0.490017 11.437251 -0.823539
0.851703 0.512387 11.449438 -0.835195
0.853707 0.507429 11.464650 -0.812877
0.855711 0.506290 11.471585 -0.801379
0.857715 0.510646 11.432804 -0.761535
0.859719 0.526948 11.466359 -0.801831
0.861723 0.540759 11.477555 -0.822934
0.863727 0.559672 11.499462 -0.878627
0.865731 0.578210 11.524568 -0.873734
0.867735 0.622394 11.565531 -0.857642
0.869739 0.608377 11.593708 -0.883860
0.871743 0.611849 11.613159 -0.890105
0.873747 0.584050 11.662736 -0.840191
0.875752 0.604405 11.701327 -0.893786
0.877756 0.625595 11.705401 -0.872201
0.879760 0.626154 11.731977 -0.889619
0.881764 0.644888 11.743523 -0.891686
0.883768 0.637794 11.804529 -0.871979
0.885772 0.627823 11.819655 -0.859560
0.887776 0.641674 11.835514 -0.850303
0.889780 0.623965 11.844526 -0.822828
0.891784 0.628491 11.873020 -0.811128
0.893788 0.646352 11.922155 -0.799751
0.895792 0.640542 11.925250 -0.784180
0.897796 0.646372 11.959430 -0.773890
0.899800 0.634100 11.989348 -0.774456
0.901804 0.599390 11.986758 -0.754026
0.903808 0.590147 12.033323 -0.757906
0.905812 0.559461 12.043770 -0.787888
0.907816 0.587475 12.028379 -0.760465
0.909820 0.579684 12.071519 -0.755990
0.911824 0.578142 12.059809 -0.761152
0.913828 0.601691 12.036130 -0.778321
0.915832 0.586017 12.055320 -0.756362
0.917836 0.591326 12.072839 -0.699385
0.919840 0.601247 12.071876 -0.672592
0.921844 0.597420 12.065282 -0.657360
0.923848 0.629658 12.133283 -0.667925
0.925852 0.642163 12.168365 -0.648413
0.927856 0.644351 12.213916 -0.674704
0.929860 0.680538 12.250850 -0.684910
0.931864 0.679835 12.290905 -0.699623
0.933868 0.692335 12.310432 -0.688547
0.935872 0.685797 12.294748 -0.679179
0.937876 0.681191 12.343018 -0.656129
0.939880 0.686596 12.396155 -0.592212
0.941884 0.680627 12.459502 -0.582556
0.943888 0.738535 12.537684 -0.560879
0.945892 0.713399 12.586310 -0.547908
0.947896 0.715794 12.637882 -0.529036
0.949900 0.732228 12.662795 -0.536233
0.951904 0.706313 12.716161 -0.516240
0.953908 0.721512 12.779590 -0.504354
0.955912 0.737418 12.838605 -0.495672
0.957916 0.756052 12.857857 -0.512143
0.959920 0.739730 12.868749 -0.549149
0.961924 0.788893 12.924995 -0.558774
0.963928 0.783645 12.982170 -0.517305
0.965932 0.759776 13.035013 -0.516339
0.967936 0.764156 13.065077 -0.509598
0.969940 0.770192 13.145398 -0.496736
0.971944 0.715599 13.208856 -0.518652
0.973948 0.700088 13.275446 -0.533843
0.975952 0.704363 13.336436 -0.520659
0.977956 0.706399 13.378259 -0.540418
0.979960 0.670521 13.425434 -0.506630
0.981964 0.667592 13.489128 -0.508433
0.983968 0.673881 13.514634 -0.521905
0.985972 0.678790 13.561934 -0.518723
0.987976 0.645299 13.593273 -0.498162
0.989980 0.633214 13.647423 -0.516254
0.991984 0.650630 13.713405 -0.511010
0.993988 0.627944 13.772936 -0.506898
0.995992 0.620726 13.797640 -0.505296
0.997996 0.569467 13.850348 -0.536911
1.000000 0.550982 13.903322 -0.537841
