Time v_x v_y v_z
0.000000 -0.047688 0.071015 -0.171335
0.002004 -0.066545 0.118069 -0.201773
0.004008 -0.077648 0.201264 -0.200013
0.006012 -0.091470 0.257616 -0.225487
0.008016 -0.076957 0.380045 -0.253376
0.010020 -0.092779 0.439577 -0.279621
0.012024 -0.062374 0.546693 -0.252518
0.014028 -0.097834 0.642808 -0.237975
0.016032 -0.090439 0.708294 -0.227276
0.018036 -0.125393 0.789367 -0.187777
0.020040 -0.099562 0.834968 -0.185621
0.022044 -0.062774 0.895061 -0.196074
0.024048 -0.106468 0.963029 -0.184462
0.026052 -0.089103 1.004588 -0.176750
0.028056 -0.074977 1.072126 -0.176282
0.030060 -0.053224 1.140557 -0.168436
0.032064 -0.062789 1.202818 -0.147973
0.034068 -0.082943 1.268451 -0.131869
0.036072 -0.097681 1.347193 -0.103548
0.038076 -0.108196 1.445080 -0.110729
0.040080 -0.121716 1.516177 -0.140926
0.042084 -0.128578 1.654957 -0.104866
0.044088 -0.102077 1.655060 -0.108170
0.046092 -0.090264 1.687865 -0.071636
0.048096 -0.060905 1.728536 -0.087118
0.050100 -0.065550 1.746900 -0.061416
0.052104 -0.096347 1.765747 -0.025988
0.054108 -0.103679 1.810198 -0.052652
0.056112 -0.140408 1.905842 -0.032248
0.058116 -0.122578 1.971276 -0.043124
0.060120 -0.114171 2.029963 -0.037161
0.062124 -0.093939 2.049489 -0.036077
0.064128 -0.118303 2.059292 -0.047057
0.066132 -0.092300 2.115048 -0.047888
0.068136 -0.118588 2.142967 -0.018100
0.070140 -0.102861 2.197875 -0.024210
0.072144 -0.103807 2.167199 -0.018088
0.074148 -0.103278 2.212324 -0.016883
0.076152 -0.091869 2.238151 -0.049882
0.078156 -0.085954 2.267476 -0.059692
0.080160 -0.100883 2.290942 -0.046247
0.082164 -0.112657 2.331418 -0.063579
0.084168 -0.126774 2.333192 -0.051392
0.086172 -0.128758 2.357328 -0.050802
0.088176 -0.095144 2.376052 -0.042898
0.090180 -0.118702 2.385096 -0.025123
0.092184 -0.093710 2.407546 -0.055995
0.094188 -0.068027 2.456547 -0.059077
0.096192 -0.090274 2.527359 -0.009497
0.098196 -0.086363 2.561818 0.025698
0.100200 -0.107079 2.582162 0.041248
0.102204 -0.098404 2.603647 0.040267
0.104208 -0.081337 2.639318 0.034695
0.106212 -0.069408 2.683266 -0.003302
0.108216 -0.083863 2.737616 0.026727
0.110220 -0.115018 2.760206 0.033508
0.112224 -0.155641 2.806938 0.059698
0.114228 -0.143210 2.830634 0.059406
0.116232 -0.105318 2.852911 0.028749
0.118236 -0.120354 2.926616 0.009153
0.120240 -0.122855 2.985162 0.014229
0.122244 -0.121959 3.003556 0.015592
0.124248 -0.100418 2.998798 0.039103
0.126253 -0.074410 3.058791 0.024211
0.128257 -0.066571 3.112513 0.037130
0.130261 -0.071049 3.159766 0.059517
0.132265 -0.042977 3.162248 0.065053
0.134269 -0.063179 3.176345 0.049906
0.136273 -0.085518 3.192639 0.043925
0.138277 -0.090056 3.225849 0.059854
0.140281 -0.126767 3.210357 0.038494
0.142285 -0.101306 3.223962 0.053526
0.144289 -0.059143 3.227837 0.069791
0.146293 -0.076115 3.222716 0.100277
0.148297 -0.077811 3.252600 0.072609
0.150301 -0.113319 3.254520 0.054566
0.152305 -0.064248 3.258088 0.084097
0.154309 -0.067356 3.271989 0.091376
0.156313 -0.052164 3.287607 0.070964
0.158317 -0.052371 3.282986 0.073307
0.160321 -0.093723 3.329719 0.073489
0.162325 -0.070340 3.364425 0.064818
0.164329 -0.054695 3.383433 0.025804
0.166333 -0.051296 3.427369 0.039935
0.168337 -0.048359 3.442788 0.037153
0.170341 -0.074757 3.489493 0.074923
0.172345 -0.066455 3.507638 0.055177
0.174349 -0.099057 3.506366 0.038782
0.176353 -0.090626 3.544612 -0.007148
0.178357 -0.073455 3.518577 0.000869
0.180361 -0.097358 3.517766 -0.011165
0.182365 -0.134664 3.527854 -0.035148
0.184369 -0.141671 3.564098 -0.035900
0.186373 -0.127268 3.560455 -0.059686
0.188377 -0.122087 3.588887 -0.051424
0.190381 -0.113001 3.633784 -0.028505
0.192385 -0.095627 3.670653 -0.023534
0.194389 -0.112448 3.666940 -0.024254
0.196393 -0.089317 3.667155 -0.003611
0.198397 -0.093903 3.747905 -0.012975
0.200401 -0.070041 3.785308 -0.029758
0.202405 -0.074618 3.840758 0.017766
0.204409 -0.056753 3.848353 -0.034145
0.206413 -0.074286 3.882924 -0.036066
0.208417 -0.056776 3.897228 -0.018982
0.210421 -0.072478 3.906642 -0.031665
0.212425 -0.052662 3.936676 -0.052732
0.214429 -0.081555 3.953431 -0.053885
0.216433 -0.054244 3.979995 -0.042045
0.218437 -0.120192 4.009434 -0.045803
0.220441 -0.110515 4.051953 -0.046191
0.222445 -0.093641 4.034724 -0.049469
0.224449 -0.129736 4.052442 -0.056011
0.226453 -0.102444 4.083675 -0.079650
0.228457 -0.100954 4.101648 -0.059424
0.230461 -0.096313 4.101060 -0.046029
0.232465 -0.111591 4.120830 -0.050371
0.234469 -0.138541 4.156322 -0.056902
0.236473 -0.171413 4.182363 -0.064442
0.238477 -0.159523 4.218936 -0.040461
0.240481 -0.173091 4.230663 -0.044560
0.242485 -0.180963 4.257911 -0.015820
0.244489 -0.142350 4.311375 -0.017507
0.246493 -0.149599 4.332528 -0.010134
0.248497 -0.156890 4.352990 -0.022509
0.250501 -0.077521 4.360935 -0.032754
0.252505 -0.078263 4.395239 -0.080542
0.254509 -0.045613 4.395104 -0.102879
0.256513 -0.069730 4.413377 -0.100785
0.258517 -0.073445 4.453511 -0.061973
0.260521 -0.090600 4.495559 -0.084344
0.262525 -0.100695 4.470196 -0.038660
0.264529 -0.125748 4.497018 -0.018432
0.266533 -0.096116 4.524724 -0.028837
0.268537 -0.112399 4.553306 -0.022392
0.270541 -0.100089 4.561183 -0.005818
0.272545 -0.091746 4.589976 -0.054973
0.274549 -0.060613 4.586737 -0.033030
0.276553 -0.032867 4.564968 -0.028847
0.278557 -0.044690 4.616657 -0.011025
0.280561 -0.020280 4.616895 -0.035865
0.282565 -0.034963 4.651598 -0.038158
0.284569 -0.062907 4.645865 -0.031727
0.286573 -0.097055 4.699338 -0.025326
0.288577 -0.085810 4.721406 -0.036386
0.290581 -0.097803 4.715768 -0.009210
0.292585 -0.085310 4.782082 -0.003388
0.294589 -0.035469 4.807517 0.037470
0.296593 -0.041624 4.774799 -0.036577
0.298597 -0.026333 4.747004 -0.084769
0.300601 -0.013257 4.784165 -0.040932
0.302605 0.008394 4.821075 -0.054273
0.304609 0.007946 4.823752 -0.067106
0.306613 -0.015219 4.827454 -0.072098
0.308617 -0.041451 4.848572 -0.066775
0.310621 -0.051806 4.888886 -0.028563
0.312625 -0.073914 4.913924 -0.040838
0.314629 -0.076510 4.932672 -0.073075
0.316633 -0.078303 4.924049 -0.066060
0.318637 -0.096048 4.907696 -0.068336
0.320641 -0.141006 4.893918 -0.056516
0.322645 -0.138053 4.890056 -0.033124
0.324649 -0.120444 4.871989 -0.009982
0.326653 -0.136492 4.888566 0.007528
0.328657 -0.136602 4.920346 0.001316
0.330661 -0.135112 4.956284 -0.002174
0.332665 -0.124450 4.976542 0.002261
0.334669 -0.149279 4.980230 -0.049323
0.336673 -0.145754 4.999695 -0.039063
0.338677 -0.173265 5.038994 -0.034836
0.340681 -0.188677 5.071490 -0.039692
0.342685 -0.202615 5.084173 0.012349
0.344689 -0.211146 5.103985 0.041105
0.346693 -0.207529 5.140327 0.040808
0.348697 -0.203850 5.144113 0.009315
0.350701 -0.223872 5.171123 0.020164
0.352705 -0.203227 5.180175 0.056957
0.354709 -0.215856 5.182880 0.049050
0.356713 -0.233496 5.207024 0.043965
0.358717 -0.254668 5.195506 0.082370
0.360721 -0.230133 5.180517 0.083767
0.362725 -0.228897 5.163492 0.126125
0.364729 -0.198629 5.160765 0.135978
0.366733 -0.192384 5.205762 0.135594
0.368737 -0.192562 5.211003 0.170683
0.370741 -0.206338 5.204808 0.189136
0.372745 -0.185402 5.185198 0.181634
0.374749 -0.190326 5.174349 0.180873
0.376754 -0.155155 5.176798 0.221349
0.378758 -0.206053 5.214462 0.247399
0.380762 -0.155418 5.229253 0.251706
0.382766 -0.177743 5.247380 0.267730
0.384770 -0.168365 5.284754 0.263068
0.386774 -0.149455 5.312375 0.256520
0.388778 -0.152169 5.358866 0.242557
0.390782 -0.127104 5.362885 0.267457
0.392786 -0.111200 5.362023 0.296833
0.394790 -0.110911 5.368855 0.272137
0.396794 -0.128032 5.392986 0.250649
0.398798 -0.129295 5.408289 0.244687
0.400802 -0.103421 5.377790 0.258535
0.402806 -0.085663 5.378306 0.262720
0.404810 -0.081622 5.396429 0.253071
0.406814 -0.089131 5.400980 0.259932
0.408818 -0.073733 5.420789 0.283720
0.410822 -0.074280 5.402768 0.292841
0.412826 -0.097875 5.425722 0.311050
0.414830 -0.091557 5.497909 0.284115
0.416834 -0.095887 5.513918 0.279144
0.418838 -0.102964 5.539230 0.285215
0.420842 -0.125682 5.571220 0.271529
0.422846 -0.162904 5.546395 0.265953
0.424850 -0.141090 5.536034 0.234229
0.426854 -0.180123 5.559141 0.237398
0.428858 -0.189176 5.548599 0.254693
0.430862 -0.189982 5.582970 0.258543
0.432866 -0.196540 5.571193 0.252473
0.434870 -0.176484 5.584072 0.219986
0.436874 -0.189680 5.618104 0.196405
0.438878 -0.170920 5.642190 0.211872
0.440882 -0.177803 5.656339 0.216314
0.442886 -0.206182 5.655592 0.204508
0.444890 -0.153296 5.653825 0.187930
0.446894 -0.116881 5.660400 0.219799
0.448898 -0.103369 5.680319 0.212608
0.450902 -0.096432 5.731976 0.213506
0.452906 -0.097228 5.742812 0.198436
0.454910 -0.142701 5.791394 0.206026
0.456914 -0.114627 5.821531 0.202297
0.458918 -0.130706 5.809030 0.210197
0.460922 -0.122448 5.830200 0.207697
0.462926 -0.122796 5.841324 0.183385
0.464930 -0.123860 5.866730 0.187006
0.466934 -0.097095 5.911400 0.175954
0.468938 -0.112778 5.908054 0.182356
0.470942 -0.131344 5.910781 0.216632
0.472946 -0.131682 5.935989 0.185437
0.474950 -0.093457 5.928346 0.186613
0.476954 -0.069982 5.934000 0.194066
0.478958 -0.072679 5.920193 0.201728
0.480962 -0.044714 5.923831 0.153955
0.482966 -0.046764 5.902919 0.143188
0.484970 -0.061146 5.932834 0.124845
0.486974 -0.059526 5.984867 0.127894
0.488978 -0.068375 5.975705 0.115789
0.490982 -0.090765 5.966089 0.136513
0.492986 -0.090003 5.958708 0.153267
0.494990 -0.095979 5.958903 0.167693
0.496994 -0.117297 5.980018 0.158144
0.498998 -0.117524 5.966589 0.149699
0.501002 -0.120189 5.989623 0.152809
0.503006 -0.082589 5.988204 0.199042
0.505010 -0.087497 6.004134 0.221370
0.507014 -0.102284 5.990563 0.247032
0.509018 -0.070983 5.964114 0.251847
0.511022 -0.062716 5.970470 0.207090
0.513026 -0.099070 6.005420 0.204829
0.515030 -0.075349 6.022037 0.197309
0.517034 -0.068050 6.064306 0.192072
0.519038 -0.062625 6.051977 0.183074
0.521042 -0.053658 6.033233 0.177350
0.523046 -0.049871 6.075412 0.159025
0.525050 -0.083705 6.070593 0.187139
0.527054 -0.097050 6.076772 0.177380
0.529058 -0.071816 6.087679 0.174956
0.531062 -0.054084 6.127352 0.174947
0.533066 -0.024683 6.154687 0.175308
0.535070 -0.023916 6.150732 0.204840
0.537074 -0.029908 6.166880 0.210259
0.539078 -0.006402 6.179208 0.214327
0.541082 -0.003441 6.199707 0.215593
0.543086 0.030462 6.198740 0.221942
0.545090 0.053135 6.204259 0.223060
0.547094 0.045439 6.241438 0.225357
0.549098 0.052487 6.263908 0.204048
0.551102 0.062352 6.227196 0.211420
0.553106 0.081880 6.254743 0.257150
0.555110 0.037683 6.262807 0.250350
0.557114 0.063732 6.238358 0.252544
0.559118 0.059069 6.241695 0.194514
0.561122 0.058389 6.262363 0.180593
0.563126 0.030090 6.283465 0.203392
0.565130 0.023984 6.296089 0.239930
0.567134 0.061002 6.310490 0.225913
0.569138 0.068126 6.325455 0.211127
0.571142 0.090212 6.351940 0.224597
0.573146 0.068252 6.380005 0.218644
0.575150 0.058612 6.408181 0.237738
0.577154 0.091127 6.395557 0.239560
0.579158 0.076239 6.400365 0.242697
0.581162 0.026109 6.443438 0.251880
0.583166 0.056939 6.497376 0.237657
0.585170 0.075706 6.483392 0.253585
0.587174 0.065617 6.537790 0.235811
0.589178 0.075640 6.517691 0.223407
0.591182 0.079141 6.549212 0.184917
0.593186 0.079953 6.601775 0.196551
0.595190 0.056844 6.587270 0.190206
0.597194 0.065515 6.614205 0.202109
0.599198 0.068451 6.663705 0.180818
0.601202 0.058396 6.687434 0.181528
0.603206 0.068057 6.708940 0.186125
0.605210 0.102047 6.718768 0.198370
0.607214 0.106800 7.482321 0.220608
0.609218 0.163446 8.203589 0.229644
0.611222 0.173847 8.223005 0.199105
0.613226 0.141205 8.237708 0.196359
0.615230 0.179296 8.263813 0.184504
0.617234 0.140069 8.298379 0.228394
0.619238 0.111073 8.360942 0.195168
0.621242 0.125870 8.403512 0.227251
0.623246 0.133323 8.424920 0.236555
0.625251 0.115352 8.440883 0.251936
0.627255 0.101034 8.476299 0.264746
0.629259 0.125712 8.479546 0.231569
0.631263 0.094124 8.483291 0.192601
0.633267 0.112454 8.539270 0.166527
0.635271 0.122170 8.562095 0.163891
0.637275 0.153706 8.585153 0.147031
0.639279 0.156545 8.628657 0.123504
0.641283 0.180317 8.669750 0.126813
0.643287 0.179662 8.728042 0.128479
0.645291 0.176485 8.788337 0.115978
0.647295 0.213823 8.845184 0.132377
0.649299 0.173263 8.887885 0.146265
0.651303 0.154802 8.913366 0.129028
0.653307 0.164805 8.938433 0.149422
0.655311 0.172223 8.982566 0.178737
0.657315 0.162295 9.001778 0.167237
0.659319 0.141226 9.044824 0.145358
0.661323 0.109701 9.069736 0.158418
0.663327 0.099870 9.099644 0.180749
0.665331 0.105207 9.142552 0.180250
0.667335 0.116767 9.157520 0.189375
0.669339 0.112170 9.182902 0.183144
0.671343 0.144520 9.203910 0.199554
0.673347 0.101266 9.229306 0.202478
0.675351 0.098398 9.279288 0.192847
0.677355 0.082757 9.325819 0.204503
0.679359 0.098015 9.363035 0.194387
0.681363 0.143347 9.398256 0.209851
0.683367 0.100611 9.455926 0.215720
0.685371 0.119443 9.517146 0.154280
0.687375 0.114240 9.564428 0.152168
0.689379 0.141815 9.565845 0.155011
0.691383 0.176867 9.613464 0.130044
0.693387 0.158980 9.647823 0.140493
0.695391 0.149661 9.682844 0.138467
0.697395 0.157524 9.732241 0.153392
0.699399 0.173187 9.800226 0.169892
0.701403 0.185483 9.824848 0.162399
0.703407 0.210691 9.877768 0.163827
0.705411 0.192140 9.955052 0.170491
0.707415 0.197092 10.001366 0.155243
0.709419 0.232590 10.038500 0.174231
0.711423 0.238729 10.077133 0.182582
0.713427 0.224238 10.105136 0.192511
0.715431 0.232857 10.144633 0.194495
0.717435 0.254322 10.176084 0.237953
0.719439 0.261475 10.216795 0.264691
0.721443 0.270179 10.273000 0.271080
0.723447 0.271148 10.299184 0.271682
0.725451 0.201213 10.314798 0.255592
0.727455 0.172038 10.341770 0.261704
0.729459 0.229516 10.346845 0.217415
0.731463 0.253490 10.398053 0.192628
0.733467 0.236218 10.425004 0.165116
0.735471 0.198972 10.442634 0.180347
0.737475 0.215145 10.500963 0.125280
0.739479 0.230981 10.557385 0.112685
0.741483 0.234256 10.586438 0.091575
0.743487 0.215115 10.612046 0.116119
0.745491 0.234179 10.604038 0.160416
0.747495 0.211694 10.630797 0.156013
0.749499 0.209353 10.705967 0.152907
0.751503 0.243898 10.722163 0.138828
0.753507 0.237139 10.716879 0.155241
0.755511 0.206924 10.735163 0.104137
0.757515 0.201816 10.742176 0.113879
0.759519 0.191230 10.762112 0.124777
0.761523 0.147812 10.793281 0.120434
0.763527 0.160307 10.866671 0.150460
0.765531 0.173173 10.875983 0.105637
0.767535 0.189037 10.960709 0.117574
0.769539 0.180548 10.975145 0.068484
0.771543 0.159116 10.993121 0.101195
0.773547 0.175140 11.049735 0.088680
0.775551 0.203923 11.097846 0.103267
0.777555 0.210229 11.135754 0.063617
0.779559 0.200731 11.216535 0.047855
0.781563 0.223907 11.272878 0.015174
0.783567 0.236521 11.303930 0.002056
0.785571 0.287838 11.323779 -0.003650
0.787575 0.262851 11.358175 0.006013
0.789579 0.248439 11.385732 -0.014141
0.791583 0.252362 11.419979 -0.029927
0.793587 0.253393 11.421118 -0.019840
0.795591 0.268066 11.475756 -0.052611
0.797595 0.290025 11.503728 -0.019383
0.799599 0.294592 11.550832 0.003131
0.801603 0.292132 11.536250 -0.012714
0.803607 0.313173 11.572571 0.010103
0.805611 0.284742 11.602772 0.005829
0.807615 0.271245 11.625707 0.027788
0.809619 0.268885 11.660733 0.039554
0.811623 0.253349 11.722443 0.045657
0.813627 0.191208 11.758778 0.058663
0.815631 0.172669 11.801919 0.054335
0.817635 0.143802 11.824574 0.070363
0.819639 0.153530 11.811116 0.072647
0.821643 0.122140 11.803131 0.054146
0.823647 0.075311 11.816844 0.059167
0.825651 0.070197 11.860824 0.020324
0.827655 0.057589 11.887893 0.018375
0.829659 0.046611 11.891585 0.030183
0.831663 0.017052 11.928991 0.006147
0.833667 -0.015463 11.943060 0.001910
0.835671 -0.007545 11.963597 -0.025758
0.837675 -0.007794 11.914976 -0.024353
0.839679 0.009678 11.914514 -0.052474
0.841683 -0.003000 11.974174 -0.054851
0.843687 0.050985 12.040393 -0.089309
0.845691 0.055236 12.075096 -0.081527
0.847695 0.106021 12.101680 -0.102904
0.849699 0.145181 12.067977 -0.101675
0.851703 0.170606 12.133602 -0.117187
0.853707 0.191826 12.151518 -0.121092
0.855711 0.237336 12.173590 -0.113753
0.857715 0.215213 12.171768 -0.119940
0.859719 0.171448 12.212812 -0.111795
0.861723 0.175532 12.238726 -0.117343
0.863727 0.188568 12.302259 -0.115974
0.865731 0.204918 12.351893 -0.094513
0.867735 0.177434 12.367181 -0.093593
0.869739 0.179938 12.397357 -0.100237
0.871743 0.173010 12.456007 -0.110563
0.873747 0.188657 12.470851 -0.091933
0.875752 0.187889 12.499907 -0.107819
0.877756 0.197613 12.518154 -0.103769
0.879760 0.202521 12.530399 -0.111487
0.881764 0.215210 12.590295 -0.125518
0.883768 0.218523 12.603917 -0.111417
0.885772 0.236753 12.659099 -0.064020
0.887776 0.228551 12.690102 -0.060862
0.889780 0.259982 12.724002 -0.094052
0.891784 0.241861 12.727754 -0.085459
0.893788 0.252759 12.784283 -0.082379
0.895792 0.242225 12.819737 -0.084483
0.897796 0.266290 12.854059 -0.109226
0.899800 0.282937 12.836595 -0.096007
0.901804 0.284780 12.854249 -0.069621
0.903808 0.296808 12.880156 -0.051496
0.905812 0.297992 12.875431 -0.112344
0.907816 0.300738 12.888726 -0.097058
0.909820 0.278553 12.875780 -0.104158
0.911824 0.278320 12.903074 -0.133467
0.913828 0.249073 12.915954 -0.137185
0.915832 0.234277 12.954853 -0.148017
0.917836 0.220880 12.937825 -0.144886
0.919840 0.164528 12.959703 -0.148544
0.921844 0.187042 12.972482 -0.109032
0.923848 0.197576 13.007368 -0.111874
0.925852 0.224522 13.024104 -0.154450
0.927856 0.221583 13.057016 -0.128247
0.929860 0.214329 13.117951 -0.095328
0.931864 0.205724 13.157194 -0.096741
0.933868 0.203451 13.227798 -0.071661
0.935872 0.218723 13.265296 -0.074718
0.937876 0.217349 13.307079 -0.048546
0.939880 0.201722 13.337623 -0.002880
0.941884 0.217730 13.376140 0.018389
0.943888 0.248629 13.378016 0.046315
0.945892 0.279661 13.442307 0.080650
0.947896 0.302989 13.500100 0.071188
0.949900 0.320335 13.518605 0.079426
0.951904 0.335554 13.590873 0.075995
0.953908 0.340050 13.620258 0.095798
0.955912 0.346801 13.656339 0.084885
0.957916 0.386101 13.681843 0.085334
0.959920 0.354444 13.780245 0.072087
0.961924 0.361368 13.830611 0.028431
0.963928 0.347138 13.887949 0.044151
0.965932 0.379665 13.901422 0.050249
0.967936 0.355065 13.966356 0.045274
0.969940 0.357403 14.019622 -0.000198
0.971944 0.386890 14.074629 0.030055
0.973948 0.393193 14.126946 0.025089
0.975952 0.399391 14.148123 -0.003640
0.977956 0.344945 14.199681 0.009653
0.979960 0.367692 14.244552 0.004842
0.981964 0.334255 14.261795 -0.020672
0.983968 0.318485 14.323709 -0.010991
0.985972 0.367451 14.324939 -0.039879
0.987976 0.356214 14.304940 -0.044212
0.989980 0.342647 14.324637 -0.059467
0.991984 0.361780 14.376719 -0.089368
0.993988 0.362189 14.431419 -0.083589
0.995992 0.368078 14.446416 -0.091630
0.997996 0.412642 14.483346 -0.108834
1.000000 0.402137 14.535638 -0.094400
