Time u
0.000000 0.053602
0.002004 0.018459
0.004008 0.085943
0.006012 0.133896
0.008016 0.111887
0.010020 0.117119
0.012024 0.117521
0.014028 0.175639
0.016032 0.170181
0.018036 0.162729
0.020040 0.138712
0.022044 0.191581
0.024048 0.153584
0.026052 0.191277
0.028056 0.188173
0.030060 0.132596
0.032064 0.083894
0.034068 0.069271
0.036072 0.030530
0.038076 0.071277
0.040080 0.041195
0.042084 0.008058
0.044088 0.044195
0.046092 0.038691
0.048096 -0.063097
0.050100 -0.097380
0.052104 -0.141477
0.054108 -0.162923
0.056112 -0.122332
0.058116 -0.055997
0.060120 -0.053511
0.062124 -0.018441
0.064128 0.031355
0.066132 0.035615
0.068136 0.020114
0.070140 -0.058141
0.072144 -0.042629
0.074148 -0.046083
0.076152 -0.135740
0.078156 -0.100401
0.080160 -0.109211
0.082164 -0.100311
0.084168 -0.145155
0.086172 -0.148988
0.088176 -0.191904
0.090180 -0.205672
0.092184 -0.230971
0.094188 -0.174829
0.096192 -0.150319
0.098196 -0.106325
0.100200 -0.056328
0.102204 -0.086789
0.104208 -0.121444
0.106212 -0.117042
0.108216 -0.084665
0.110220 -0.119050
0.112224 -0.178687
0.114228 -0.201494
0.116232 -0.174679
0.118236 -0.160079
0.120240 -0.182729
0.122244 -0.184630
0.124248 -0.217425
0.126253 -0.185829
0.128257 -0.234657
0.130261 -0.225235
0.132265 -0.202459
0.134269 -0.165184
0.136273 -0.192053
0.138277 -0.181352
0.140281 -0.172654
0.142285 -0.160794
0.144289 -0.128422
0.146293 -0.106523
0.148297 -0.102958
0.150301 -0.169851
0.152305 -0.158194
0.154309 -0.182546
0.156313 -0.153687
0.158317 -0.180147
0.160321 -0.207115
0.162325 -0.228449
0.164329 -0.239291
0.166333 -0.184239
0.168337 -0.179831
0.170341 -0.197555
0.172345 -0.143679
0.174349 -0.131258
0.176353 -0.166507
0.178357 -0.167362
0.180361 -0.206861
0.182365 -0.196718
0.184369 -0.232399
0.186373 -0.236624
0.188377 -0.255742
0.190381 -0.213881
0.192385 -0.171247
0.194389 -0.184973
0.196393 -0.174558
0.198397 -0.122773
0.200401 -0.110012
0.202405 -0.100083
0.204409 -0.076282
0.206413 -0.041758
0.208417 -0.048208
0.210421 -0.057749
0.212425 -0.035921
0.214429 -0.072495
0.216433 -0.059374
0.218437 -0.005798
0.220441 -0.006860
0.222445 -0.029216
0.224449 0.021347
0.226453 -0.029365
0.228457 -0.021973
0.230461 -0.000545
0.232465 -0.008489
0.234469 0.005256
0.236473 -0.020065
0.238477 -0.055014
0.240481 -0.066574
0.242485 -0.066601
0.244489 -0.022999
0.246493 -0.003815
0.248497 -0.004810
0.250501 0.045415
0.252505 0.071355
0.254509 0.066824
0.256513 0.096875
0.258517 0.115179
0.260521 0.106738
0.262525 0.101127
0.264529 0.097300
0.266533 0.036777
0.268537 0.019856
0.270541 0.035758
0.272545 0.033976
0.274549 0.005566
0.276553 -0.038028
0.278557 -0.054529
0.280561 -0.036337
0.282565 -0.052704
0.284569 -0.066168
0.286573 -0.078495
0.288577 -0.077301
0.290581 -0.072336
0.292585 -0.074628
0.294589 -0.061042
0.296593 -0.074636
0.298597 -0.073544
0.300601 -0.103463
0.302605 -0.119994
0.304609 -0.124823
0.306613 -0.153988
0.308617 -0.172670
0.310621 -0.179610
0.312625 -0.159310
0.314629 -0.187663
0.316633 -0.184367
0.318637 -0.176286
0.320641 -0.176391
0.322645 -0.198410
0.324649 -0.200231
0.326653 -0.175813
0.328657 -0.169423
0.330661 -0.152251
0.332665 -0.146231
0.334669 -0.120287
0.336673 -0.127229
0.338677 -0.119957
0.340681 -0.101958
0.342685 -0.090192
0.344689 -0.115229
0.346693 -0.091431
0.348697 -0.100801
0.350701 -0.103887
0.352705 -0.080597
0.354709 -0.081276
0.356713 -0.063515
0.358717 -0.079373
0.360721 -0.089667
0.362725 -0.087312
0.364729 -0.068749
0.366733 -0.059091
0.368737 -0.049949
0.370741 -0.056315
0.372745 -0.078931
0.374749 -0.092471
0.376754 -0.084289
0.378758 -0.050644
0.380762 -0.037688
0.382766 -0.043990
0.384770 -0.025576
0.386774 -0.025674
0.388778 -0.051163
0.390782 -0.078917
0.392786 -0.081723
0.394790 -0.111311
0.396794 -0.120435
0.398798 -0.131732
0.400802 -0.140352
0.402806 -0.131670
0.404810 -0.134289
0.406814 -0.142047
0.408818 -0.160373
0.410822 -0.118725
0.412826 -0.104747
0.414830 -0.126044
0.416834 -0.135604
0.418838 -0.138316
0.420842 -0.145642
0.422846 -0.162884
0.424850 -0.147762
0.426854 -0.153143
0.428858 -0.124398
0.430862 -0.125727
0.432866 -0.126498
0.434870 -0.144124
0.436874 -0.132764
0.438878 -0.139837
0.440882 -0.152598
0.442886 -0.141789
0.444890 -0.145323
0.446894 -0.145152
0.448898 -0.141916
0.450902 -0.134303
0.452906 -0.124585
0.454910 -0.108246
0.456914 -0.101501
0.458918 -0.088716
0.460922 -0.087651
0.462926 -0.107415
0.464930 -0.102989
0.466934 -0.114728
0.468938 -0.120165
0.470942 -0.136261
0.472946 -0.135276
0.474950 -0.133149
0.476954 -0.130409
0.478958 -0.114855
0.480962 -0.138352
0.482966 -0.120493
0.484970 -0.118205
0.486974 -0.113122
0.488978 -0.113177
0.490982 -0.096058
0.492986 -0.104188
0.494990 -0.102960
0.496994 -0.099679
0.498998 -0.114561
0.501002 -0.121027
0.503006 -0.138594
0.505010 -0.151500
0.507014 -0.144481
0.509018 -0.140616
0.511022 -0.152359
0.513026 -0.146794
0.515030 -0.144779
0.517034 -0.139023
0.519038 -0.141967
0.521042 -0.151301
0.523046 -0.144019
0.525050 -0.137886
0.527054 -0.145734
0.529058 -0.160536
0.531062 -0.167928
0.533066 -0.153649
0.535070 -0.151558
0.537074 -0.152943
0.539078 -0.152104
0.541082 -0.145925
0.543086 -0.129108
0.545090 -0.138263
0.547094 -0.145947
0.549098 -0.150569
0.551102 -0.145842
0.553106 -0.133434
0.555110 -0.136792
0.557114 -0.128360
0.559118 -0.125050
0.561122 -0.133549
0.563126 -0.139572
0.565130 -0.135466
0.567134 -0.136718
0.569138 -0.130155
0.571142 -0.122804
0.573146 -0.119899
0.575150 -0.109121
0.577154 -0.121341
0.579158 -0.123426
0.581162 -0.116566
0.583166 -0.115054
0.585170 -0.120140
0.587174 -0.117427
0.589178 -0.114370
0.591182 -0.117962
0.593186 -0.125950
0.595190 -0.129810
0.597194 -0.128905
0.599198 -0.130435
0.601202 -0.128766
0.603206 -0.124238
0.605210 -0.118529
0.607214 -0.112179
0.609218 -0.105595
0.611222 -0.104061
0.613226 -0.093490
0.615230 -0.091301
0.617234 -0.081526
0.619238 -0.078721
0.621242 -0.072478
0.623246 -0.071978
0.625251 -0.075738
0.627255 -0.065816
0.629259 -0.060824
0.631263 -0.055938
0.633267 -0.052567
0.635271 -0.050541
0.637275 -0.045067
0.639279 -0.042854
0.641283 -0.046397
0.643287 -0.045970
0.645291 -0.042667
0.647295 -0.042943
0.649299 -0.044197
0.651303 -0.035575
0.653307 -0.033846
0.655311 -0.040966
0.657315 -0.040069
0.659319 -0.039625
0.661323 -0.044594
0.663327 -0.038749
0.665331 -0.040771
0.667335 -0.038410
0.669339 -0.038094
0.671343 -0.039005
0.673347 -0.037013
0.675351 -0.033579
0.677355 -0.034518
0.679359 -0.032853
0.681363 -0.031952
0.683367 -0.032585
0.685371 -0.034095
0.687375 -0.031987
0.689379 -0.027737
0.691383 -0.027707
0.693387 -0.030170
0.695391 -0.027042
0.697395 -0.027074
0.699399 -0.029524
0.701403 -0.027879
0.703407 -0.027287
0.705411 -0.025542
0.707415 -0.021788
0.709419 -0.018434
0.711423 -0.014144
0.713427 -0.012450
0.715431 -0.015246
0.717435 -0.014376
0.719439 -0.016503
0.721443 -0.013122
0.723447 -0.010653
0.725451 -0.012740
0.727455 -0.008570
0.729459 -0.004638
0.731463 -0.007009
0.733467 -0.007346
0.735471 -0.006259
0.737475 -0.004854
0.739479 -0.005221
0.741483 -0.004724
0.743487 -0.004334
0.745491 -0.004945
0.747495 -0.005207
0.749499 -0.003824
0.751503 -0.000155
0.753507 -0.000375
0.755511 0.002708
0.757515 0.007656
0.759519 0.008760
0.761523 0.010177
0.763527 0.012480
0.765531 0.013885
0.767535 0.013922
0.769539 0.015181
0.771543 0.017121
0.773547 0.018643
0.775551 0.021884
0.777555 0.024846
0.779559 0.027324
0.781563 0.029794
0.783567 0.029375
0.785571 0.030420
0.787575 0.031177
0.789579 0.032946
0.791583 0.035011
0.793587 0.035982
0.795591 0.037252
0.797595 0.039069
0.799599 0.041679
0.801603 0.041962
0.803607 0.042398
0.805611 0.044548
0.807615 0.045491
0.809619 0.047222
0.811623 0.049078
0.813627 0.051077
0.815631 0.052791
0.817635 0.054246
0.819639 0.056273
0.821643 0.057716
0.823647 0.059678
0.825651 0.061173
0.827655 0.062873
0.829659 0.063974
0.831663 0.065583
0.833667 0.067060
0.835671 0.068399
0.837675 0.069867
0.839679 0.071389
0.841683 0.073067
0.843687 0.074500
0.845691 0.075736
0.847695 0.077086
0.849699 0.078594
0.851703 0.079899
0.853707 0.081305
0.855711 0.082658
0.857715 0.084057
0.859719 0.085546
0.861723 0.086946
0.863727 0.088281
0.865731 0.089664
0.867735 0.091043
0.869739 0.092418
0.871743 0.093803
0.873747 0.095170
0.875752 0.096555
0.877756 0.097892
0.879760 0.099233
0.881764 0.100569
0.883768 0.101935
0.885772 0.103391
0.887776 0.104799
0.889780 0.106133
0.891784 0.107418
0.893788 0.108741
0.895792 0.110189
0.897796 0.111592
0.899800 0.112910
0.901804 0.114355
0.903808 0.115693
0.905812 0.117070
0.907816 0.118419
0.909820 0.119798
0.911824 0.121154
0.913828 0.122513
0.915832 0.123877
0.917836 0.125304
0.919840 0.126665
0.921844 0.128063
0.923848 0.129456
0.925852 0.130846
0.927856 0.132224
0.929860 0.133661
0.931864 0.135036
0.933868 0.136450
0.935872 0.137917
0.937876 0.139332
0.939880 0.140755
0.941884 0.142144
0.943888 0.143519
0.945892 0.144976
0.947896 0.146296
0.949900 0.147670
0.951904 0.148875
0.953908 0.150023
0.955912 0.151523
0.957916 0.152990
0.959920 0.154147
0.961924 0.155029
0.963928 0.156051
0.965932 0.157416
0.967936 0.158713
0.969940 0.159535
0.971944 0.161275
0.973948 0.162721
0.975952 0.164395
0.977956 0.165170
0.979960 0.167076
0.981964 0.168686
0.983968 0.170029
0.985972 0.171229
0.987976 0.172813
0.989980 0.174769
0.991984 0.176359
0.993988 0.177962
0.995992 0.180144
0.997996 0.182489
1.000000 0.183801
