Time u
0.000000 0.246681
0.002004 0.220344
0.004008 0.200078
0.006012 0.199654
0.008016 0.222369
0.010020 0.283048
0.012024 0.319561
0.014028 0.341663
0.016032 0.351800
0.018036 0.342111
0.020040 0.333275
0.022044 0.302697
0.024048 0.289627
0.026052 0.339788
0.028056 0.310877
0.030060 0.349309
0.032064 0.365890
0.034068 0.391976
0.036072 0.368855
0.038076 0.431681
0.040080 0.410083
0.042084 0.436353
0.044088 0.466929
0.046092 0.514319
0.048096 0.543840
0.050100 0.587435
0.052104 0.619404
0.054108 0.578030
0.056112 0.584823
0.058116 0.622095
0.060120 0.580839
0.062124 0.559795
0.064128 0.546684
0.066132 0.565778
0.068136 0.542622
0.070140 0.565098
0.072144 0.592228
0.074148 0.613030
0.076152 0.628506
0.078156 0.610321
0.080160 0.579348
0.082164 0.647150
0.084168 0.662428
0.086172 0.710831
0.088176 0.669600
0.090180 0.615035
0.092184 0.636422
0.094188 0.606810
0.096192 0.587830
0.098196 0.574346
0.100200 0.543198
0.102204 0.517800
0.104208 0.509503
0.106212 0.533031
0.108216 0.482631
0.110220 0.514753
0.112224 0.516693
0.114228 0.526973
0.116232 0.493279
0.118236 0.453693
0.120240 0.410802
0.122244 0.364465
0.124248 0.408969
0.126253 0.396197
0.128257 0.394700
0.130261 0.413536
0.132265 0.406489
0.134269 0.415184
0.136273 0.452899
0.138277 0.476767
0.140281 0.505476
0.142285 0.531928
0.144289 0.534379
0.146293 0.526541
0.148297 0.555206
0.150301 0.601202
0.152305 0.631625
0.154309 0.611008
0.156313 0.582704
0.158317 0.624033
0.160321 0.611384
0.162325 0.623058
0.164329 0.649055
0.166333 0.638437
0.168337 0.677840
0.170341 0.716582
0.172345 0.725530
0.174349 0.791646
0.176353 0.812872
0.178357 0.849466
0.180361 0.898714
0.182365 0.921459
0.184369 0.917113
0.186373 0.923074
0.188377 0.856578
0.190381 0.858560
0.192385 0.881002
0.194389 0.857752
0.196393 0.837191
0.198397 0.860931
0.200401 0.861188
0.202405 0.891088
0.204409 0.898295
0.206413 0.904000
0.208417 0.842384
0.210421 0.820578
0.212425 0.850072
0.214429 0.886510
0.216433 0.902697
0.218437 0.889955
0.220441 0.835901
0.222445 0.849279
0.224449 0.850666
0.226453 0.889793
0.228457 0.854185
0.230461 0.835147
0.232465 0.808597
0.234469 0.786078
0.236473 0.837466
0.238477 0.804807
0.240481 0.803203
0.242485 0.815752
0.244489 0.824173
0.246493 0.792867
0.248497 0.741032
0.250501 0.712115
0.252505 0.663347
0.254509 0.674149
0.256513 0.709418
0.258517 0.716099
0.260521 0.739745
0.262525 0.763839
0.264529 0.769709
0.266533 0.802910
0.268537 0.821338
0.270541 0.820312
0.272545 0.813889
0.274549 0.829154
0.276553 0.831683
0.278557 0.828547
0.280561 0.833167
0.282565 0.812778
0.284569 0.830144
0.286573 0.815617
0.288577 0.776936
0.290581 0.734742
0.292585 0.743181
0.294589 0.728141
0.296593 0.746763
0.298597 0.732499
0.300601 0.766350
0.302605 0.800995
0.304609 0.817383
0.306613 0.853733
0.308617 0.838388
0.310621 0.832538
0.312625 0.806781
0.314629 0.795960
0.316633 0.777842
0.318637 0.794842
0.320641 0.772228
0.322645 0.768719
0.324649 0.778440
0.326653 0.750501
0.328657 0.730976
0.330661 0.730891
0.332665 0.721238
0.334669 0.724965
0.336673 0.738154
0.338677 0.729846
0.340681 0.731224
0.342685 0.734902
0.344689 0.723594
0.346693 0.728891
0.348697 0.731142
0.350701 0.694549
0.352705 0.734465
0.354709 0.744928
0.356713 0.764833
0.358717 0.721719
0.360721 0.722311
0.362725 0.687367
0.364729 0.679960
0.366733 0.674757
0.368737 0.692336
0.370741 0.707743
0.372745 0.704724
0.374749 0.711642
0.376754 0.670266
0.378758 0.686437
0.380762 0.657602
0.382766 0.646043
0.384770 0.647924
0.386774 0.661730
0.388778 0.670377
0.390782 0.677670
0.392786 0.696193
0.394790 0.666027
0.396794 0.675308
0.398798 0.691089
0.400802 0.686261
0.402806 0.681390
0.404810 0.699322
0.406814 0.702289
0.408818 0.693662
0.410822 0.668514
0.412826 0.669498
0.414830 0.650476
0.416834 0.671155
0.418838 0.672770
0.420842 0.665446
0.422846 0.697524
0.424850 0.689214
0.426854 0.693652
0.428858 0.705203
0.430862 0.682819
0.432866 0.673582
0.434870 0.679612
0.436874 0.679942
0.438878 0.695517
0.440882 0.705280
0.442886 0.680844
0.444890 0.647796
0.446894 0.632429
0.448898 0.637745
0.450902 0.628219
0.452906 0.630722
0.454910 0.635286
0.456914 0.617255
0.458918 0.586232
0.460922 0.578043
0.462926 0.560781
0.464930 0.565254
0.466934 0.564146
0.468938 0.563882
0.470942 0.542767
0.472946 0.543893
0.474950 0.539157
0.476954 0.527373
0.478958 0.528186
0.480962 0.534864
0.482966 0.532988
0.484970 0.536898
0.486974 0.538650
0.488978 0.523982
0.490982 0.520744
0.492986 0.506959
0.494990 0.517782
0.496994 0.514319
0.498998 0.523423
0.501002 0.518914
0.503006 0.526911
0.505010 0.518734
0.507014 0.505263
0.509018 0.505118
0.511022 0.498771
0.513026 0.485370
0.515030 0.474205
0.517034 0.469295
0.519038 0.481330
0.521042 0.481172
0.523046 0.495962
0.525050 0.494798
0.527054 0.481586
0.529058 0.472410
0.531062 0.445099
0.533066 0.442474
0.535070 0.431594
0.537074 0.426277
0.539078 0.430352
0.541082 0.425692
0.543086 0.426313
0.545090 0.429888
0.547094 0.430571
0.549098 0.427752
0.551102 0.401108
0.553106 0.401214
0.555110 0.402569
0.557114 0.404070
0.559118 0.399680
0.561122 0.386228
0.563126 0.391021
0.565130 0.405601
0.567134 0.401699
0.569138 0.389647
0.571142 0.403170
0.573146 0.392869
0.575150 0.379234
0.577154 0.373553
0.579158 0.383034
0.581162 0.378346
0.583166 0.369919
0.585170 0.359779
0.587174 0.350624
0.589178 0.341444
0.591182 0.329830
0.593186 0.333467
0.595190 0.322652
0.597194 0.329628
0.599198 0.325068
0.601202 0.318854
0.603206 0.308053
0.605210 0.309836
0.607214 0.304642
0.609218 0.292793
0.611222 0.286565
0.613226 0.278372
0.615230 0.274697
0.617234 0.274128
0.619238 0.264812
0.621242 0.257807
0.623246 0.248373
0.625251 0.247104
0.627255 0.243189
0.629259 0.234317
0.631263 0.236064
0.633267 0.229719
0.635271 0.223915
0.637275 0.213097
0.639279 0.200585
0.641283 0.191385
0.643287 0.193359
0.645291 0.197455
0.647295 0.200050
0.649299 0.193603
0.651303 0.192568
0.653307 0.193728
0.655311 0.191149
0.657315 0.188224
0.659319 0.190264
0.661323 0.186761
0.663327 0.187528
0.665331 0.187217
0.667335 0.180417
0.669339 0.178950
0.671343 0.178012
0.673347 0.169339
0.675351 0.162487
0.677355 0.157773
0.679359 0.153534
0.681363 0.153295
0.683367 0.152246
0.685371 0.146566
0.687375 0.143210
0.689379 0.141679
0.691383 0.132438
0.693387 0.131103
0.695391 0.129940
0.697395 0.128238
0.699399 0.131612
0.701403 0.127035
0.703407 0.121151
0.705411 0.116720
0.707415 0.116680
0.709419 0.116633
0.711423 0.111446
0.713427 0.109877
0.715431 0.104192
0.717435 0.103719
0.719439 0.099528
0.721443 0.098585
0.723447 0.096678
0.725451 0.095026
0.727455 0.089528
0.729459 0.085038
0.731463 0.081779
0.733467 0.076560
0.735471 0.075474
0.737475 0.075631
0.739479 0.072019
0.741483 0.069082
0.743487 0.066158
0.745491 0.064805
0.747495 0.060919
0.749499 0.057421
0.751503 0.056586
0.753507 0.053886
0.755511 0.049515
0.757515 0.046961
0.759519 0.041735
0.761523 0.039086
0.763527 0.036840
0.765531 0.035786
0.767535 0.033201
0.769539 0.030015
0.771543 0.025547
0.773547 0.023950
0.775551 0.021729
0.777555 0.019242
0.779559 0.016545
0.781563 0.013806
0.783567 0.010233
0.785571 0.007395
0.787575 0.005606
0.789579 0.001590
0.791583 -0.000147
0.793587 -0.002570
0.795591 -0.005653
0.797595 -0.008674
0.799599 -0.010048
0.801603 -0.011944
0.803607 -0.013506
0.805611 -0.015425
0.807615 -0.017328
0.809619 -0.018698
0.811623 -0.020854
0.813627 -0.022992
0.815631 -0.024848
0.817635 -0.026603
0.819639 -0.028402
0.821643 -0.029576
0.823647 -0.031157
0.825651 -0.032849
0.827655 -0.034850
0.829659 -0.036845
0.831663 -0.038663
0.833667 -0.040696
0.835671 -0.042623
0.837675 -0.044632
0.839679 -0.046444
0.841683 -0.048261
0.843687 -0.050128
0.845691 -0.051887
0.847695 -0.053738
0.849699 -0.055381
0.851703 -0.057114
0.853707 -0.058775
0.855711 -0.060457
0.857715 -0.062053
0.859719 -0.063711
0.861723 -0.065252
0.863727 -0.066860
0.865731 -0.068485
0.867735 -0.070048
0.869739 -0.071575
0.871743 -0.073102
0.873747 -0.074622
0.875752 -0.076137
0.877756 -0.077605
0.879760 -0.079006
0.881764 -0.080444
0.883768 -0.081863
0.885772 -0.083273
0.887776 -0.084595
0.889780 -0.085972
0.891784 -0.087303
0.893788 -0.088689
0.895792 -0.089969
0.897796 -0.091339
0.899800 -0.092605
0.901804 -0.093928
0.903808 -0.095030
0.905812 -0.096252
0.907816 -0.097507
0.909820 -0.098721
0.911824 -0.099865
0.913828 -0.101039
0.915832 -0.102239
0.917836 -0.103368
0.919840 -0.104500
0.921844 -0.105621
0.923848 -0.106722
0.925852 -0.107809
0.927856 -0.108861
0.929860 -0.109960
0.931864 -0.111046
0.933868 -0.112015
0.935872 -0.113043
0.937876 -0.114099
0.939880 -0.115025
0.941884 -0.116036
0.943888 -0.116982
0.945892 -0.117901
0.947896 -0.118686
0.949900 -0.119799
0.951904 -0.120784
0.953908 -0.121669
0.955912 -0.122588
0.957916 -0.123766
0.959920 -0.124579
0.961924 -0.125254
0.963928 -0.126195
0.965932 -0.127283
0.967936 -0.127981
0.969940 -0.128352
0.971944 -0.128512
0.973948 -0.128818
0.975952 -0.130137
0.977956 -0.131268
0.979960 -0.131456
0.981964 -0.132048
0.983968 -0.132865
0.985972 -0.133173
0.987976 -0.133982
0.989980 -0.134190
0.991984 -0.134115
0.993988 -0.134069
0.995992 -0.134994
0.997996 -0.135218
1.000000 -0.135441
