Time u_x u_y u_z
0.000000 -0.092882 -0.179129 0.026231
0.002004 -0.097026 -0.177153 0.041751
0.004008 -0.108022 -0.210284 0.021352
0.006012 -0.102582 -0.198671 0.076524
0.008016 -0.033114 -0.208130 0.075191
0.010020 -0.050014 -0.160688 0.080360
0.012024 -0.115413 -0.157176 0.107454
0.014028 -0.132658 -0.181000 0.083091
0.016032 -0.135336 -0.187733 0.067935
0.018036 -0.107990 -0.190306 0.048922
0.020040 -0.136481 -0.234734 0.028442
0.022044 0.004457 -0.214682 0.022852
0.024048 -0.005222 -0.157503 0.023166
0.026052 0.015231 -0.183400 0.017207
0.028056 0.002041 -0.222641 0.015156
0.030060 0.004849 -0.200416 0.011687
0.032064 -0.037308 -0.176064 0.057218
0.034068 -0.116204 -0.242707 0.070711
0.036072 -0.206344 -0.203915 0.114194
0.038076 -0.184861 -0.187125 0.070815
0.040080 -0.174746 -0.225380 0.004477
0.042084 -0.177245 -0.231293 -0.045259
0.044088 -0.133444 -0.266541 -0.049551
0.046092 -0.140965 -0.292673 -0.059308
0.048096 -0.084810 -0.334057 -0.062418
0.050100 -0.093001 -0.330824 -0.061096
0.052104 -0.077709 -0.321618 -0.029000
0.054108 -0.031856 -0.327606 -0.027079
0.056112 -0.047243 -0.368484 0.010194
0.058116 -0.076057 -0.311108 -0.059974
0.060120 -0.068454 -0.286822 -0.025204
0.062124 -0.060977 -0.254270 -0.052867
0.064128 -0.051940 -0.251144 -0.054211
0.066132 0.000335 -0.172321 0.037567
0.068136 -0.017300 -0.115874 0.050284
0.070140 -0.024070 -0.071387 0.012688
0.072144 -0.119345 -0.055284 0.043833
0.074148 -0.074016 -0.000599 0.009761
0.076152 -0.059153 0.002570 -0.002026
0.078156 -0.084438 -0.034379 -0.018117
0.080160 -0.064759 -0.089927 -0.035809
0.082164 -0.078143 -0.097397 -0.022244
0.084168 -0.125545 -0.108270 0.027113
0.086172 -0.174336 -0.074421 -0.002336
0.088176 -0.159843 -0.115941 -0.012401
0.090180 -0.207158 -0.110947 -0.042780
0.092184 -0.281850 -0.145362 -0.032283
0.094188 -0.296759 -0.236624 -0.009519
0.096192 -0.333852 -0.248697 -0.020536
0.098196 -0.363323 -0.280462 -0.003598
0.100200 -0.348170 -0.306624 -0.038601
0.102204 -0.334061 -0.294510 -0.020372
0.104208 -0.428611 -0.236415 -0.011037
0.106212 -0.438540 -0.230320 -0.008960
0.108216 -0.499793 -0.198805 0.010608
0.110220 -0.466465 -0.168472 0.058134
0.112224 -0.387250 -0.138693 0.051788
0.114228 -0.334069 -0.119321 0.035599
0.116232 -0.354573 -0.139717 0.017382
0.118236 -0.375421 -0.183425 0.012590
0.120240 -0.360416 -0.198846 -0.058467
0.122244 -0.343132 -0.201018 -0.048009
0.124248 -0.393697 -0.155278 -0.025595
0.126253 -0.381239 -0.090580 -0.052836
0.128257 -0.407072 -0.077472 -0.042590
0.130261 -0.388865 -0.128297 -0.044676
0.132265 -0.378841 -0.132551 -0.054379
0.134269 -0.351701 -0.152852 -0.069457
0.136273 -0.334623 -0.206486 -0.113509
0.138277 -0.317719 -0.142718 -0.131152
0.140281 -0.305704 -0.158801 -0.162213
0.142285 -0.288671 -0.110689 -0.182182
0.144289 -0.337286 -0.146156 -0.145233
0.146293 -0.333039 -0.122031 -0.140253
0.148297 -0.343695 -0.111542 -0.134963
0.150301 -0.350231 -0.089000 -0.143241
0.152305 -0.349122 -0.080041 -0.158502
0.154309 -0.323309 -0.117315 -0.166666
0.156313 -0.280614 -0.148359 -0.170137
0.158317 -0.297643 -0.208395 -0.174055
0.160321 -0.254927 -0.194087 -0.134469
0.162325 -0.275360 -0.192357 -0.153906
0.164329 -0.309027 -0.207225 -0.154626
0.166333 -0.332626 -0.199883 -0.168861
0.168337 -0.307352 -0.192343 -0.191388
0.170341 -0.303825 -0.177506 -0.168021
0.172345 -0.299339 -0.110626 -0.165028
0.174349 -0.311778 -0.091182 -0.144215
0.176353 -0.280231 -0.084650 -0.132167
0.178357 -0.352344 -0.085656 -0.117843
0.180361 -0.323596 -0.035862 -0.152528
0.182365 -0.320480 0.007178 -0.184991
0.184369 -0.293375 0.003998 -0.188166
0.186373 -0.301181 0.025819 -0.156160
0.188377 -0.321714 0.028549 -0.111170
0.190381 -0.317725 0.012275 -0.097485
0.192385 -0.348575 0.008082 -0.095205
0.194389 -0.386805 -0.028992 -0.112284
0.196393 -0.374399 -0.005753 -0.144542
0.198397 -0.381607 0.007936 -0.129161
0.200401 -0.331676 0.058968 -0.167312
0.202405 -0.320584 0.091984 -0.178903
0.204409 -0.317598 0.112868 -0.182295
0.206413 -0.322887 0.091841 -0.178123
0.208417 -0.316413 0.101503 -0.188637
0.210421 -0.340422 0.073201 -0.196894
0.212425 -0.286694 0.061857 -0.195463
0.214429 -0.320321 0.047275 -0.227489
0.216433 -0.326305 0.137368 -0.233406
0.218437 -0.280095 0.157467 -0.240138
0.220441 -0.270062 0.176139 -0.219150
0.222445 -0.274596 0.199424 -0.192031
0.224449 -0.284761 0.154572 -0.192824
0.226453 -0.305452 0.177454 -0.193833
0.228457 -0.326705 0.176489 -0.204682
0.230461 -0.305678 0.151818 -0.216694
0.232465 -0.298115 0.136889 -0.206287
0.234469 -0.309453 0.210152 -0.178085
0.236473 -0.330447 0.210809 -0.150910
0.238477 -0.316490 0.258526 -0.157366
0.240481 -0.321460 0.270940 -0.157876
0.242485 -0.323054 0.278443 -0.164283
0.244489 -0.310132 0.280110 -0.167973
0.246493 -0.306356 0.259772 -0.142262
0.248497 -0.300759 0.235998 -0.133596
0.250501 -0.282840 0.223176 -0.127078
0.252505 -0.302891 0.239845 -0.153027
0.254509 -0.260522 0.239698 -0.125986
0.256513 -0.249922 0.233034 -0.129151
0.258517 -0.266689 0.216171 -0.110223
0.260521 -0.249490 0.230423 -0.136609
0.262525 -0.204221 0.239964 -0.140334
0.264529 -0.207064 0.267521 -0.130308
0.266533 -0.213597 0.268623 -0.104762
0.268537 -0.174162 0.271731 -0.080613
0.270541 -0.173034 0.274956 -0.078772
0.272545 -0.181203 0.243076 -0.071921
0.274549 -0.139665 0.241589 -0.078291
0.276553 -0.135485 0.270160 -0.068230
0.278557 -0.145191 0.264344 -0.049521
0.280561 -0.142921 0.288644 -0.029680
0.282565 -0.093953 0.311880 -0.046110
0.284569 -0.122840 0.333440 -0.026460
0.286573 -0.119510 0.295921 -0.038720
0.288577 -0.102801 0.291210 -0.019101
0.290581 -0.079490 0.265155 -0.018125
0.292585 -0.083570 0.286897 -0.034297
0.294589 -0.074659 0.291853 -0.027872
0.296593 -0.048562 0.293094 -0.041935
0.298597 -0.048875 0.294101 -0.036348
0.300601 -0.040011 0.303395 -0.048984
0.302605 0.017033 0.291876 -0.052323
0.304609 0.051301 0.285841 -0.086522
0.306613 0.070993 0.298077 -0.095605
0.308617 0.121717 0.254282 -0.073703
0.310621 0.122859 0.240614 -0.115534
0.312625 0.089345 0.224153 -0.118806
0.314629 0.089592 0.234015 -0.114538
0.316633 0.068470 0.226842 -0.070076
0.318637 0.060624 0.247969 -0.079103
0.320641 0.102673 0.220980 -0.076153
0.322645 0.079842 0.222864 -0.065131
0.324649 0.032042 0.259466 -0.034613
0.326653 0.018819 0.293861 -0.018356
0.328657 0.036512 0.305840 -0.028913
0.330661 0.030707 0.300394 -0.015481
0.332665 0.007356 0.281057 0.001171
0.334669 0.020082 0.271368 -0.034751
0.336673 0.011893 0.283040 -0.029836
0.338677 0.010029 0.318406 -0.045398
0.340681 -0.001986 0.323796 -0.054235
0.342685 -0.035674 0.331180 -0.041345
0.344689 -0.042751 0.302622 -0.034413
0.346693 -0.061684 0.297353 -0.036220
0.348697 -0.013272 0.272195 -0.021360
0.350701 -0.021768 0.287321 -0.031264
0.352705 -0.000343 0.260114 -0.025480
0.354709 -0.032515 0.262586 -0.010099
0.356713 -0.027617 0.271454 -0.027641
0.358717 -0.050462 0.289634 -0.053833
0.360721 -0.036962 0.264748 -0.041848
0.362725 -0.035710 0.275197 -0.060595
0.364729 -0.071047 0.294759 -0.074931
0.366733 -0.066652 0.299713 -0.082622
0.368737 -0.085721 0.277446 -0.057946
0.370741 -0.081876 0.275376 -0.054141
0.372745 -0.112456 0.247052 -0.020356
0.374749 -0.067686 0.225044 -0.029299
0.376754 -0.093258 0.231593 -0.025673
0.378758 -0.078338 0.221640 -0.053156
0.380762 -0.092938 0.228083 -0.040042
0.382766 -0.069872 0.210484 -0.046862
0.384770 -0.088991 0.205127 -0.027430
0.386774 -0.097271 0.203273 -0.024940
0.388778 -0.096459 0.216525 -0.030831
0.390782 -0.078605 0.203898 -0.021742
0.392786 -0.089321 0.222133 -0.030160
0.394790 -0.085810 0.222380 -0.025690
0.396794 -0.087440 0.217470 -0.017489
0.398798 -0.103806 0.252217 -0.018543
0.400802 -0.110485 0.222938 0.009495
0.402806 -0.090594 0.216912 0.004318
0.404810 -0.073703 0.211242 0.006334
0.406814 -0.093355 0.228301 0.018206
0.408818 -0.088112 0.241913 0.000612
0.410822 -0.087349 0.247222 0.000054
0.412826 -0.099270 0.276070 -0.002444
0.414830 -0.091048 0.272468 0.019582
0.416834 -0.118496 0.282337 0.043431
0.418838 -0.134457 0.293960 0.041941
0.420842 -0.095526 0.274808 0.014846
0.422846 -0.081395 0.263246 0.009058
0.424850 -0.070983 0.278432 -0.015959
0.426854 -0.082906 0.309631 -0.029635
0.428858 -0.074466 0.282168 -0.013263
0.430862 -0.090634 0.309867 -0.036611
0.432866 -0.072778 0.280620 -0.033102
0.434870 -0.109486 0.290031 -0.014733
0.436874 -0.106619 0.276146 -0.015707
0.438878 -0.067778 0.232418 0.001301
0.440882 -0.049146 0.221445 -0.014838
0.442886 -0.031912 0.210975 -0.011502
0.444890 -0.013037 0.224687 -0.036085
0.446894 0.004415 0.203239 -0.037260
0.448898 0.023749 0.187527 -0.047051
0.450902 0.044502 0.158117 -0.029769
0.452906 0.066837 0.143582 -0.038198
0.454910 0.068624 0.151677 -0.048073
0.456914 0.065780 0.140908 -0.027269
0.458918 0.073117 0.134477 -0.030636
0.460922 0.086122 0.131021 -0.038108
0.462926 0.085319 0.128458 -0.035958
0.464930 0.085458 0.147653 -0.059066
0.466934 0.069466 0.148244 -0.042320
0.468938 0.065248 0.177501 -0.071420
0.470942 0.053802 0.185465 -0.066010
0.472946 0.068090 0.189451 -0.086562
0.474950 0.084749 0.177529 -0.088500
0.476954 0.089511 0.175185 -0.086203
0.478958 0.105235 0.187080 -0.115446
0.480962 0.102274 0.202944 -0.127938
0.482966 0.113713 0.175949 -0.109026
0.484970 0.082154 0.212689 -0.118176
0.486974 0.073453 0.207415 -0.101256
0.488978 0.067666 0.232295 -0.121406
0.490982 0.053702 0.239721 -0.112630
0.492986 0.063687 0.236269 -0.117051
0.494990 0.056645 0.236542 -0.106455
0.496994 0.061490 0.224971 -0.093667
0.498998 0.015820 0.244243 -0.059657
0.501002 0.005545 0.236597 -0.034555
0.503006 0.003057 0.235285 -0.027325
0.505010 0.003198 0.230352 -0.018732
0.507014 0.013077 0.232396 -0.031188
0.509018 0.005217 0.244345 -0.034287
0.511022 0.028005 0.246216 -0.062943
0.513026 0.026038 0.244921 -0.056578
0.515030 -0.005104 0.258504 -0.033508
0.517034 -0.024125 0.289589 -0.045714
0.519038 -0.030848 0.309046 -0.059328
0.521042 -0.032055 0.319172 -0.068420
0.523046 -0.029918 0.304000 -0.050200
0.525050 -0.017776 0.291479 -0.048793
0.527054 -0.020883 0.309153 -0.066944
0.529058 -0.040082 0.330948 -0.070745
0.531062 -0.026469 0.317599 -0.075180
0.533066 -0.033268 0.313446 -0.060227
0.535070 -0.035741 0.308000 -0.046231
0.537074 -0.032086 0.312949 -0.060661
0.539078 -0.026615 0.299611 -0.053546
0.541082 -0.008673 0.302974 -0.075808
0.543086 0.002521 0.309042 -0.098155
0.545090 0.003263 0.310640 -0.101769
0.547094 -0.014090 0.319474 -0.097844
0.549098 0.001944 0.319626 -0.119863
0.551102 -0.005706 0.336028 -0.126361
0.553106 0.005030 0.316038 -0.105176
0.555110 0.011626 0.323145 -0.118182
0.557114 0.003876 0.335172 -0.129572
0.559118 0.012081 0.334404 -0.137578
0.561122 0.020536 0.324225 -0.135073
0.563126 0.022337 0.329947 -0.142653
0.565130 0.023531 0.322959 -0.128350
0.567134 0.035221 0.323239 -0.155300
0.569138 0.025959 0.315238 -0.144634
0.571142 0.007465 0.329139 -0.149501
0.573146 0.017398 0.321488 -0.142542
0.575150 0.003845 0.324293 -0.120348
0.577154 -0.012708 0.347511 -0.118254
0.579158 -0.005357 0.329007 -0.104876
0.581162 -0.030432 0.336604 -0.090566
0.583166 -0.024460 0.321373 -0.081547
0.585170 -0.053550 0.340608 -0.072488
0.587174 -0.060189 0.345260 -0.058598
0.589178 -0.057584 0.353098 -0.068802
0.591182 -0.065417 0.365045 -0.072745
0.593186 -0.034901 0.348100 -0.079185
0.595190 -0.038785 0.322725 -0.057447
0.597194 -0.066392 0.334111 -0.045275
0.599198 -0.070419 0.342567 -0.050269
0.601202 -0.058483 0.315830 -0.026583
0.603206 -0.033218 0.282107 -0.014345
0.605210 -0.033286 0.290052 -0.032938
0.607214 -0.023823 0.304360 -0.062681
0.609218 -0.034936 0.311209 -0.051963
0.611222 -0.018033 0.290700 -0.048136
0.613226 -0.008439 0.265699 -0.034363
0.615230 -0.005476 0.267383 -0.032169
0.617234 0.016962 0.262999 -0.051663
0.619238 0.024006 0.248313 -0.047512
0.621242 0.033513 0.233692 -0.031101
0.623246 0.035950 0.225373 -0.038846
0.625251 0.033519 0.238998 -0.035641
0.627255 0.019599 0.236411 -0.024539
0.629259 0.024284 0.233054 -0.032959
0.631263 0.041783 0.226518 -0.035299
0.633267 0.031707 0.221122 -0.024058
0.635271 0.027484 0.208386 -0.004098
0.637275 0.021739 0.219834 0.000289
0.639279 0.033715 0.212066 0.011113
0.641283 0.027656 0.203065 0.021074
0.643287 0.001545 0.220188 0.039182
0.645291 0.028551 0.190344 0.042502
0.647295 0.011440 0.207610 0.044908
0.649299 0.001941 0.213423 0.054454
0.651303 0.000662 0.223097 0.044575
0.653307 -0.004779 0.237720 0.040064
0.655311 -0.000867 0.240564 0.040607
0.657315 -0.026631 0.256635 0.044341
0.659319 -0.029459 0.255829 0.030423
0.661323 -0.010644 0.243408 0.021511
0.663327 -0.018571 0.259229 0.006175
0.665331 -0.015185 0.267062 0.011674
0.667335 -0.025107 0.286637 0.014900
0.669339 -0.023137 0.293131 0.010043
0.671343 -0.026441 0.292831 0.004839
0.673347 -0.011206 0.278152 0.001659
0.675351 0.006769 0.265111 -0.003718
0.677355 0.013919 0.268427 0.002118
0.679359 0.034223 0.248164 0.001119
0.681363 0.032119 0.245547 -0.000703
0.683367 0.025785 0.250253 -0.028085
0.685371 0.000656 0.263127 -0.031333
0.687375 0.010995 0.258789 -0.024728
0.689379 0.019079 0.269554 -0.031959
0.691383 0.002185 0.272857 -0.015162
0.693387 -0.011415 0.288240 -0.019215
0.695391 -0.007647 0.283350 -0.025054
0.697395 -0.000284 0.255519 -0.020278
0.699399 -0.010209 0.264653 -0.025569
0.701403 -0.021119 0.276268 -0.035456
0.703407 0.011953 0.251067 -0.030122
0.705411 0.005545 0.258848 -0.042255
0.707415 0.010107 0.248883 -0.044500
0.709419 -0.001134 0.248924 -0.053841
0.711423 -0.005067 0.257189 -0.067190
0.713427 0.008451 0.249573 -0.086641
0.715431 0.004870 0.230361 -0.074510
0.717435 0.004310 0.225470 -0.053844
0.719439 0.000057 0.217401 -0.043524
0.721443 -0.005826 0.219165 -0.033435
0.723447 0.006193 0.203510 -0.006796
0.725451 0.026607 0.189087 -0.022420
0.727455 0.030311 0.194042 -0.034658
0.729459 0.017873 0.202171 -0.028482
0.731463 -0.002970 0.210538 -0.018362
0.733467 -0.018781 0.223505 -0.011131
0.735471 -0.023692 0.229112 -0.025368
0.737475 -0.037489 0.259725 -0.033197
0.739479 -0.046976 0.268995 -0.029564
0.741483 -0.047333 0.268700 -0.031941
0.743487 -0.050289 0.273983 -0.030078
0.745491 -0.029682 0.262804 -0.057671
0.747495 -0.040541 0.271535 -0.062974
0.749499 -0.047897 0.270561 -0.048310
0.751503 -0.049429 0.261519 -0.062714
0.753507 -0.049919 0.268835 -0.060777
0.755511 -0.055807 0.272178 -0.075159
0.757515 -0.057721 0.275842 -0.075090
0.759519 -0.067774 0.288989 -0.078444
0.761523 -0.050895 0.289095 -0.078536
0.763527 -0.067896 0.295368 -0.053946
0.765531 -0.079938 0.296323 -0.054597
0.767535 -0.081886 0.295099 -0.062943
0.769539 -0.086627 0.305393 -0.051528
0.771543 -0.099898 0.316096 -0.062737
0.773547 -0.090415 0.308712 -0.061378
0.775551 -0.088109 0.292744 -0.062138
0.777555 -0.098180 0.304964 -0.068871
0.779559 -0.089086 0.297004 -0.054044
0.781563 -0.066318 0.287698 -0.065409
0.783567 -0.064259 0.296492 -0.073440
0.785571 -0.053955 0.297054 -0.066823
0.787575 -0.078269 0.293202 -0.058048
0.789579 -0.080833 0.296063 -0.060192
0.791583 -0.089844 0.305231 -0.073432
0.793587 -0.088310 0.292290 -0.072296
0.795591 -0.106725 0.303453 -0.066580
0.797595 -0.099674 0.285634 -0.049717
0.799599 -0.080382 0.258484 -0.036464
0.801603 -0.089570 0.255334 -0.032316
0.803607 -0.089052 0.250541 -0.032553
0.805611 -0.094122 0.245739 -0.024494
0.807615 -0.077661 0.228519 -0.015619
0.809619 -0.091888 0.241569 -0.023476
0.811623 -0.098008 0.252956 -0.023646
0.813627 -0.093942 0.244654 -0.023130
0.815631 -0.084598 0.229015 -0.016725
0.817635 -0.085281 0.215719 -0.012895
0.819639 -0.068301 0.205835 -0.004340
0.821643 -0.095023 0.218237 -0.002899
0.823647 -0.085310 0.201737 -0.001739
0.825651 -0.087286 0.205073 -0.006011
0.827655 -0.104081 0.219224 -0.003388
0.829659 -0.113850 0.229535 -0.003783
0.831663 -0.115833 0.237059 -0.004653
0.833667 -0.108482 0.231944 -0.011603
0.835671 -0.100643 0.221935 -0.012538
0.837675 -0.098535 0.227929 -0.015506
0.839679 -0.104977 0.224078 -0.012690
0.841683 -0.124272 0.239172 -0.014387
0.843687 -0.124694 0.236941 -0.013870
0.845691 -0.104928 0.218061 -0.010542
0.847695 -0.096383 0.221413 -0.027886
0.849699 -0.090321 0.215223 -0.018034
0.851703 -0.084759 0.207894 -0.031554
0.853707 -0.085508 0.203111 -0.026289
0.855711 -0.081480 0.190201 -0.015429
0.857715 -0.072808 0.175545 -0.017633
0.859719 -0.054197 0.167330 -0.025444
0.861723 -0.051814 0.165285 -0.031779
0.863727 -0.039016 0.152121 -0.039211
0.865731 -0.038505 0.147055 -0.033841
0.867735 -0.036294 0.140350 -0.030863
0.869739 -0.032474 0.140874 -0.031876
0.871743 -0.026016 0.133496 -0.025664
0.873747 -0.042965 0.142742 -0.023812
0.875752 -0.042511 0.143725 -0.024520
0.877756 -0.033015 0.142911 -0.029927
0.879760 -0.028587 0.130912 -0.025534
0.881764 -0.019055 0.121867 -0.018268
0.883768 -0.019388 0.123530 -0.033682
0.885772 -0.018287 0.123082 -0.037143
0.887776 -0.028007 0.127808 -0.040284
0.889780 -0.016654 0.112981 -0.038410
0.891784 -0.016338 0.106485 -0.028101
0.893788 -0.025957 0.111505 -0.021174
0.895792 -0.030315 0.108062 -0.016176
0.897796 -0.029973 0.111421 -0.025326
0.899800 -0.028794 0.112255 -0.031621
0.901804 -0.034177 0.120045 -0.041387
0.903808 -0.043882 0.128702 -0.040047
0.905812 -0.028861 0.109807 -0.032568
0.907816 -0.038012 0.116050 -0.028520
0.909820 -0.037988 0.112550 -0.022264
0.911824 -0.038022 0.108978 -0.024090
0.913828 -0.033970 0.107304 -0.022206
0.915832 -0.033702 0.109639 -0.025036
0.917836 -0.028546 0.103279 -0.017531
0.919840 -0.024468 0.096796 -0.016312
0.921844 -0.017766 0.091617 -0.014624
0.923848 -0.021504 0.093072 -0.022509
0.925852 -0.035366 0.106247 -0.027951
0.927856 -0.037294 0.105291 -0.022589
0.929860 -0.046614 0.108815 -0.012630
0.931864 -0.055265 0.117253 -0.018201
0.933868 -0.067350 0.126305 -0.012823
0.935872 -0.063768 0.122156 -0.011098
0.937876 -0.057381 0.113776 -0.010032
0.939880 -0.070987 0.125449 -0.007733
0.941884 -0.083317 0.134147 -0.007448
0.943888 -0.086353 0.136056 -0.002374
0.945892 -0.087115 0.136288 0.000108
0.947896 -0.086374 0.134867 -0.001114
0.949900 -0.094735 0.142702 -0.007645
0.951904 -0.091619 0.140126 -0.011242
0.953908 -0.091192 0.140081 -0.015894
0.955912 -0.083493 0.132942 -0.011073
0.957916 -0.069506 0.120433 -0.005326
0.959920 -0.073526 0.123630 -0.005421
0.961924 -0.079273 0.128972 -0.004888
0.963928 -0.087057 0.135425 -0.008884
0.965932 -0.093237 0.140603 -0.009022
0.967936 -0.097493 0.144645 -0.016132
0.969940 -0.097968 0.146145 -0.008606
0.971944 -0.099786 0.147292 -0.011497
0.973948 -0.104709 0.149956 -0.017132
0.975952 -0.092978 0.139658 -0.013251
0.977956 -0.095773 0.140969 -0.009701
0.979960 -0.106343 0.149464 -0.015116
0.981964 -0.109819 0.152557 -0.010313
0.983968 -0.112408 0.154691 -0.014127
0.985972 -0.115332 0.156361 -0.014346
0.987976 -0.112124 0.152197 -0.011804
0.989980 -0.108530 0.148516 -0.009333
0.991984 -0.108406 0.148780 -0.009833
0.993988 -0.107816 0.148189 -0.012272
0.995992 -0.112111 0.150569 -0.011738
0.997996 -0.109144 0.146885 -0.015024
1.000000 -0.120290 0.149555 -0.021191
